A1	1	0.29383142595095935	0.18514132555401264	0.26093046127099073	0.26009678722403734	
A1	2	0.2512732253117683	0.17529792490057916	0.2560963182056486	0.3173325315820039	
A1	3	0.0012116819957100778	0.0009226893170625697	0.44277285021983703	0.5550927784673904	
A1	4	0.30923336979889915	0.19096798888107192	0.2509678108505317	0.24883083046949722	
A1	5	0.2395344133034242	0.19223323351345112	0.25320454972392986	0.3150278034591948	
A1	6	0.0015187846775866916	0.0010292006919862928	0.44233560107407666	0.5551164135563503	
A1	7	0.2704963798410494	0.19718923541408062	0.26301710198203243	0.26929728276283754	
A1	8	0.23903531389239835	0.19636906713224722	0.24345169908664194	0.3211439198887125	
A1	9	0.0012862706530774113	0.001155817239986396	0.4254319082295538	0.5721260038773824	
A1	10	0.2715321799409921	0.20035035182518138	0.25813261924669756	0.269984848987129	
A1	11	0.22975854147559077	0.1937994418435615	0.2476849890787472	0.3287570276021005	
A1	12	0.001967697893223421	0.0012680071752446693	0.41679266931625225	0.5799716256152797	
A1	13	0.2707912045546351	0.20961499974830164	0.2501685151147929	0.2694252805822704	
A1	14	0.24025267444844298	0.20045916531915964	0.23868339662625987	0.3206047636061375	
A1	15	0.0013375311706919986	0.0008987472788952775	0.4254125704294956	0.5723511511209172	
