A2	A	0.1796077189151358	0.2045881137378272	0.216159198011006	0.19749988144620215	0.20214508788982882	
A2	C	0.1946475195269211	0.18523738913272966	0.20443608930152296	0.20113777609017452	0.21454122594865174	
A2	D	0.21566483168320943	0.19429841212272644	0.20700890544338435	0.18534313452365586	0.1976847162270239	
A2	E	0.20493280605848047	0.1968119892724909	0.20144615559088455	0.22067292648044035	0.1761361225977037	
A2	F	0.1842379742697746	0.17735222606606627	0.21017842973746945	0.2300094724346002	0.19822189749208946	
A2	G	0.21786177442615917	0.19458745974717984	0.20550440558473484	0.19316591076503642	0.18888044947688973	
A2	H	0.1980521966842898	0.17567881065676047	0.203681861794856	0.19521052402395864	0.22737660684013508	
A2	I	0.19633430103708405	0.23012390561708798	0.18502338518158082	0.19728199811413283	0.19123641005011432	
A2	K	0.24113265759115324	0.22441928899093416	0.1851599341330434	0.17573226987613796	0.17355584940873123	
A2	L	0.20488289293691003	0.1851667550917221	0.202893357782032	0.20607460116373397	0.20098239302560195	
A2	M	0.194640461094673	0.21992593880238862	0.20062963153131363	0.17229868710257526	0.2125052814690495	
A2	N	0.1960934413689327	0.2098463560335863	0.21021374486843009	0.1924768265650904	0.19136963116396047	
A2	P	0.18476177851966766	0.18844599009772386	0.19003897364299982	0.20353220704323202	0.2332210506963766	
A2	Q	0.2149452175217131	0.2024716612007154	0.18612106491293295	0.16000360699738203	0.23645844936725646	
A2	R	0.18916748279356	0.21922312062073088	0.19568294289145005	0.2113984687313265	0.1845279849629326	
A2	S	0.18638900391641075	0.20377476895261362	0.20431205540020259	0.20082443146660248	0.20469974026417057	
A2	T	0.20154344058120374	0.21060443841569793	0.19381650659032065	0.20358991035860405	0.19044570405417363	
A2	V	0.20016982909410636	0.19116498688763384	0.19932774923740829	0.20950407021750503	0.19983336456334647	
A2	W	0.23041891928778363	0.19051993466486086	0.18394160141184288	0.18600531294513944	0.2091142316903732	
A2	X	0.20219905754676568	0.20987433956875626	0.21726402970155648	0.20123518492074824	0.16942738826217335	
A2	Y	0.20208362386487616	0.19394835003474659	0.19632940007336044	0.20133244113293824	0.20630618489407854	
