A2	1	0.29413597079050907	0.18508242725183113	0.26082616905162687	0.25995543290603296	
A2	2	0.25130073694277105	0.17569191089689334	0.2564254059487832	0.3165819462115524	
A2	3	0.001219076650163853	0.0009162068988341932	0.44335290973969144	0.5545118067113105	
A2	4	0.3087202256500519	0.19165462027460306	0.25105231697949876	0.2485728370958463	
A2	5	0.23971162333179175	0.19273918407625734	0.2534908156273194	0.3140583769646315	
A2	6	0.0014581146732106178	0.0010499714944423517	0.44330968374515545	0.5541822300871916	
A2	7	0.27021852725986045	0.1977038420771961	0.2635393916301006	0.26853823903284285	
A2	8	0.23880387744653517	0.19687794354777205	0.24390264539057507	0.3204155336151177	
A2	9	0.0012842897684186049	0.001138207778894721	0.4250692349775999	0.5725082674750868	
A2	10	0.2710409147564394	0.2006920763759004	0.2580920529498288	0.27017495591783147	
A2	11	0.2293707682341318	0.19466898586694165	0.24691234879175863	0.3290478971071679	
A2	12	0.0019629551500088783	0.0012096371520228298	0.41610148151196585	0.5807259261860024	
A2	13	0.2699465085512356	0.21092731269862877	0.24984883852443376	0.2692773402257019	
A2	14	0.24001224832441714	0.20127295085906627	0.23847648802320504	0.32023831279331155	
A2	15	0.0012746775965310996	0.0008665919756783272	0.42644199126213284	0.5714167391656577	
