A3	A	409372	464470	493091	451760	465567	2
A3	C	245394	234729	259294	254488	273539	1
A3	D	333723	300504	319050	288076	305886	1
A3	E	258151	249499	254494	279044	221319	1
A3	F	447435	434608	513879	563566	486154	1
A3	G	656899	586152	618293	580506	571193	2
A3	H	282571	249464	287951	277797	323436	1
A3	I	444007	520579	417797	447419	434616	1
A3	K	382999	356180	294928	279366	271470	1
A3	L	955401	866866	948433	966538	936602	3
A3	M	338757	380641	348503	295677	366308	1
A3	N	377770	400355	402950	367181	367246	1
A3	P	292477	295160	298556	322461	366580	2
A3	Q	238912	224192	204647	176493	257164	1
A3	R	713676	831323	741499	798837	696890	3
A3	S	841947	917678	921550	907786	927713	3
A3	T	479038	499509	457184	480279	453517	2
A3	V	758979	724899	757957	791623	756264	2
A3	W	365631	301437	291385	294039	329666	1
A3	X	3252	3377	3417	3216	2654	1
A3	Y	461781	446550	453314	462020	474388	1
