A3	A	0.17921427508252125	0.2033349968917724	0.21586465638762664	0.19777083169166382	0.2038152399464159	
A3	C	0.19361328784545906	0.18519871489391249	0.20458024180950007	0.20078835830222086	0.21581939714890758	
A3	D	0.2156893666718587	0.19421950972021776	0.2062060224697025	0.18618713721668081	0.19769796392154024	
A3	E	0.20447490588170997	0.19762187457178454	0.20157828827879767	0.2210237250169702	0.1753012062507376	
A3	F	0.1829519610801581	0.1777071214838476	0.21012028743372907	0.2304368341727857	0.19878379582947953	
A3	G	0.21801846173453215	0.1945382126972632	0.2052055015477708	0.1926643595859734	0.18957346443446044	
A3	H	0.19882298224270856	0.1755281909403125	0.20260846498674728	0.19546389402337008	0.22757646780686158	
A3	I	0.19607996403490874	0.22989527551891922	0.18450524593957476	0.19758675297581985	0.19193276153077746	
A3	K	0.24164843783025636	0.224727324578865	0.18608113982647956	0.17626249019680834	0.17128060756759075	
A3	L	0.20441457131609125	0.18547190318881263	0.20292372011023055	0.20679740855484996	0.20039239683001558	
A3	M	0.19582619895183845	0.22003819904895466	0.20146009621443262	0.17092282381613585	0.2117526819686384	
A3	N	0.19721723078336645	0.2090078736540082	0.21036260990591502	0.1916891759966839	0.19172310966002645	
A3	P	0.18567209697098971	0.18737533598182873	0.18953120615730742	0.20470672928593467	0.2327146316039395	
A3	Q	0.21691507597547866	0.20355036462419013	0.18580489700456143	0.16024307068770155	0.2334865917080682	
A3	R	0.18869210583717255	0.21979734151194072	0.19604835777882068	0.21120821738526926	0.18425397748679678	
A3	S	0.18640862723322515	0.20317561108018864	0.20403287906100817	0.20098550393497516	0.20539737869060287	
A3	T	0.2021660863117407	0.21080536326448274	0.19294314856931363	0.20268981952938286	0.19139558232508008	
A3	V	0.2002730015552592	0.19128025749646016	0.20000332478213442	0.2088868259993741	0.19955659016677213	
A3	W	0.2310963886034138	0.19052269115979567	0.18416934339048313	0.18584679911867208	0.2083647777276353	
A3	X	0.20432269414425736	0.21217642623774818	0.21468962050766524	0.202060819301332	0.16675043980899723	
A3	Y	0.2009444516727856	0.19431666719610036	0.1972600283805465	0.20104845275544123	0.2064303999951263	
