A3	1	0.2958248404529976	0.1841599186578371	0.26023678286750074	0.25977845802166455	
A3	2	0.2517366172805585	0.17517063637495084	0.25606814774747927	0.3170245985970113	
A3	3	0.001233934944357189	0.0009449652741142175	0.44217462811842845	0.5556464716631001	
A3	4	0.30947144389660314	0.19088653827685362	0.25037477772806105	0.24926724009848225	
A3	5	0.2399837126185863	0.19143314744817388	0.25338731883948745	0.3151958210937524	
A3	6	0.0015014795160985391	0.0010705012784000985	0.4419744810927274	0.555453538112774	
A3	7	0.27096881926820476	0.1962441048679977	0.2630103103172508	0.2697767655465467	
A3	8	0.23899718911320764	0.19585619215492564	0.24360121668720175	0.321545402044665	
A3	9	0.00129218106641436	0.001116796717373451	0.42457460951412185	0.5730164127020904	
A3	10	0.27142520616543275	0.20000297152119922	0.2574251424284563	0.2711466798849117	
A3	11	0.22958005084315838	0.19407381775445157	0.24637560544744433	0.3299705259549457	
A3	12	0.00195495949041426	0.0012340426081687548	0.4150861978008159	0.581724800100601	
A3	13	0.27077534739882075	0.20954984468418544	0.24980469784581938	0.2698701100711744	
A3	14	0.2393746584365578	0.20111944524713798	0.23867376702326357	0.32083212929304067	
A3	15	0.0013262028308691958	0.0008428999807497105	0.4236227537560674	0.5742081434323137	
