A	A	1464960	1666614	1764280	1613714	1654673	2	
A	C	878150	836182	923899	907859	971428	1	
A	D	1191210	1072907	1141528	1025574	1093130	1	
A	E	928628	894618	913751	1001524	798649	1	
A	F	1598587	1547579	1828636	2001414	1729630	1	
A	G	2349624	2101645	2216108	2086756	2042239	2	
A	H	1009242	892603	1034080	993915	1155664	1	
A	I	1577356	1850920	1485510	1587519	1539692	1	
A	K	1364844	1269948	1050587	996709	978360	1	
A	L	3419401	3093520	3390635	3444061	3350115	3	
A	M	1202725	1357887	1241463	1061332	1310846	1	
A	N	1342410	1432744	1437569	1313938	1309828	1	
A	P	1053706	1070237	1080893	1160222	1326241	2	
A	Q	851846	801194	734861	633095	930404	1	
A	R	2557102	2966796	2647122	2859704	2494981	3	
A	S	3007581	3283532	3293359	3238284	3305778	3	
A	T	1702562	1780495	1634218	1715851	1609849	2	
A	V	2714399	2586715	2699651	2829406	2702395	2	
A	W	1306605	1077391	1042562	1054311	1180462	1	
A	X	10830	11245	11619	10821	8930	1	
A	Y	1645946	1582942	1605383	1641705	1684420	1	
