A	A	0.17943615334236213	0.20413581617691098	0.21609847137045562	0.19765634062002824	0.202673218490243	
A	C	0.1943877146698696	0.1850976576075624	0.20451473574648735	0.2009641134800127	0.21503577849606798	
A	D	0.21562902705821085	0.19421419609803797	0.2066357502033271	0.18564612771568198	0.19787489892474208	
A	E	0.2046711937176698	0.19717533175966517	0.20139227756509012	0.22073759634309492	0.17602360061447994	
A	F	0.18362224647667785	0.17776319498415202	0.21004690411477528	0.22989310860771026	0.19867454581668456	
A	G	0.21763088563454464	0.19466215132268508	0.2052641387310478	0.19328307694473662	0.18915974736698588	
A	H	0.19845466644014045	0.1755190832609708	0.20333874479304312	0.1954408058670291	0.22724669963881652	
A	I	0.19616423187323662	0.2301853862151671	0.18474201644398078	0.19742812986996514	0.1914802355976504	
A	K	0.24111943082950324	0.22435468005359294	0.18560138702802323	0.17608305915008848	0.1728414429387921	
A	L	0.20478236205970968	0.1852658792223998	0.20305961312590237	0.20625920933453717	0.20063293625745102	
A	M	0.1947968442498226	0.21992733371956089	0.20107096356433726	0.17189642212588307	0.21230843634039614	
A	N	0.1963595640978871	0.20957307179167553	0.2102788434238686	0.1921948532353376	0.1915936674512312	
A	P	0.1851433214104548	0.18804793070966752	0.18992026249191968	0.20385890813327504	0.23302957725468298	
A	Q	0.21558080680265224	0.20276205901705724	0.1859748443589614	0.16022042820266236	0.2354618616186668	
A	R	0.18905498826124037	0.21934501750555702	0.19571046389079164	0.2114273525853181	0.1844621777570929	
A	S	0.18647578260987638	0.20358527315625835	0.20419456597853222	0.20077981048990565	0.2049645677654274	
A	T	0.20165427470767117	0.21088478883332	0.19355949768890704	0.20322824596780165	0.19067319280230013	
A	V	0.2005827276216499	0.19114741431891039	0.19949291213506737	0.20908126367164956	0.1996956822527228	
A	W	0.23079466648390634	0.19030701437524145	0.18415492752499368	0.18623023455085033	0.2085131570650082	
A	X	0.2026382262138647	0.21040321826176442	0.21740106651698007	0.20246982879595846	0.16708766021143232	
A	Y	0.20169928028002562	0.19397857652986447	0.19672856562353103	0.201179575108855	0.20641400245772387	
