A	1	0.2945489642399402	0.18483573596528488	0.2606816509625	0.2599336488322748	
A	2	0.2514173595991984	0.1754686044815687	0.25626076155399863	0.31685327436523425	
A	3	0.0012217840331550278	0.0009255309430158733	0.4429091299933784	0.5549435550304507	
A	4	0.3090313066485324	0.19130474725608723	0.2508460423417371	0.2488179037536433	
A	5	0.2397529932216847	0.1922741932212145	0.25340562202102357	0.31456719153607726	
A	6	0.0014821696721531107	0.0010516396955992718	0.4427445918288581	0.5547215988033894	
A	7	0.27048314029360615	0.19719412245202073	0.2632887022682968	0.26903403498607636	
A	8	0.23890344702180044	0.19649196434968258	0.24372969890962648	0.3208748897188905	
A	9	0.0012868879780833598	0.001135672009701211	0.42500198853368826	0.5725754514785272	
A	10	0.2712449770121286	0.20043204906860218	0.25791331668942946	0.2704096572298398	
A	11	0.2295055117271043	0.19433159844381076	0.2469138243494963	0.32924906547958865	
A	12	0.001961648170264177	0.001227932739064926	0.4159529922993788	0.580857426791292	
A	13	0.2703444327220505	0.21028396381631248	0.24989926219447375	0.2694723412671633	
A	14	0.23988097069861325	0.20107015815104556	0.23857235126483853	0.32047651988550263	
A	15	0.0013014459435465007	0.0008662742968449935	0.4254505727986736	0.5723817069609349	
