AE1	1	0.295195966887677	0.18562909490368396	0.25750323669033703	0.261671701518302	
AE1	2	0.25121621091451213	0.17394322605394047	0.2577364527617578	0.3171041102697896	
AE1	3	0.0011802476885453856	0.0009611989485660481	0.44345382103826925	0.5544047323246193	
AE1	4	0.30967715921029115	0.19137885187946	0.24890693588955584	0.250037053020693	
AE1	5	0.23972323573131765	0.19052990178769927	0.2546218194340914	0.3151250430468917	
AE1	6	0.0014668637015531755	0.001111590620790668	0.4432663763453516	0.5541551693323046	
AE1	7	0.2715888335273168	0.19843418293730192	0.2602059276114751	0.26977105592390616	
AE1	8	0.2373660097384057	0.19579687969973975	0.2453781805659086	0.32145892999594594	
AE1	9	0.0013273699765912093	0.0011737089201877935	0.42643449679818307	0.5710644243050379	
AE1	10	0.27105919329035183	0.20212640746988897	0.25625542172876314	0.270558977510996	
AE1	11	0.22840680729377813	0.19413603253691133	0.24801875318764957	0.32943840698166094	
AE1	12	0.0020041325016019983	0.0011475538467574248	0.4175308738845951	0.5793174397670455	
AE1	13	0.27026800231908316	0.21071290011813376	0.247889067615224	0.2711300299475591	
AE1	14	0.2379534090958627	0.19993156089119055	0.24120099738013348	0.32091403263281326	
AE1	15	0.0013132026451497596	0.000848950091760716	0.42808771539792767	0.5697501318651619	
