AE2	A	104135	117791	123210	112813	116333	2
AE2	C	62427	59533	65648	65002	69764	1
AE2	D	83740	76791	81771	73104	77751	1
AE2	E	65805	63870	64757	72561	56095	1
AE2	F	113998	110676	130258	142772	123246	1
AE2	G	167798	149387	156864	149187	146722	2
AE2	H	71487	63564	72582	69665	80731	1
AE2	I	112227	132023	106065	113127	109832	1
AE2	K	96301	89581	74557	71026	68561	1
AE2	L	240598	218802	240910	244050	238356	3
AE2	M	85055	95981	88763	74904	92227	1
AE2	N	95452	101666	103583	92964	92179	1
AE2	P	74362	73784	75846	80465	93349	2
AE2	Q	60460	56297	51754	44034	65085	1
AE2	R	179403	207998	185897	200565	176521	3
AE2	S	214638	233073	233996	230995	234273	3
AE2	T	119404	125396	115126	120980	112949	2
AE2	V	194008	183876	191361	200268	192072	2
AE2	W	92092	77061	73620	75120	83938	1
AE2	X	708	720	789	795	587	1
AE2	Y	117149	113377	113890	116850	120676	1
