AE2	1	0.29416177883480554	0.1832359594717186	0.26177003096654666	0.2608322307269292	
AE2	2	0.25130026747508877	0.17548092565349366	0.2559888433669453	0.3172299635044723	
AE2	3	0.0011287627373899893	0.0008859128794210051	0.44210412602334	0.5558811983598491	
AE2	4	0.3090606814171374	0.18922086875602606	0.2516600765466155	0.25005837328022107	
AE2	5	0.24055873330194574	0.19080045609840227	0.25333663370968684	0.3153041768899652	
AE2	6	0.0014303048552534038	0.0010807031332735354	0.4406657403496953	0.5568232516617778	
AE2	7	0.2720318197109874	0.1957990802327446	0.2628235145010286	0.2693455855552394	
AE2	8	0.23965538286704885	0.19499227431231173	0.24324369153900036	0.32210865128163907	
AE2	9	0.0012555039942634696	0.0010977153825182978	0.42355524536554434	0.5740915352576739	
AE2	10	0.2715137967214844	0.1980995616368676	0.25855769300290443	0.27182894863874363	
AE2	11	0.23000050611441503	0.19289806643028146	0.24743763628406543	0.32966379117123806	
AE2	12	0.001922384164658158	0.001168741523115181	0.4153783077660492	0.5815305665461774	
AE2	13	0.2701200682021072	0.20917113344535898	0.250493886860887	0.2702149114916468	
AE2	14	0.2388575083774695	0.19917856354521665	0.24054597411501216	0.3214179539623017	
AE2	15	0.0013682101455100208	0.0008446581750024562	0.42370537846512935	0.5740817532143582	
