AE3	A	0.18094640859631878	0.20446086573336497	0.21443679875258465	0.1974577132978543	0.2026982136198773	
AE3	C	0.19277071281437716	0.1854316480209194	0.20632022991624832	0.19988158819829044	0.21559582105016467	
AE3	D	0.2162837864974497	0.19686031567532833	0.20477730029318447	0.18481665930358648	0.19726193823045102	
AE3	E	0.20306996086105675	0.19508317025440314	0.20182852250489236	0.22323263209393346	0.1767857142857143	
AE3	F	0.18104043802530415	0.17506300451585666	0.21119945246836982	0.23397062774245544	0.19872647724801393	
AE3	G	0.2218069781509848	0.19318589605569397	0.20294669496478115	0.1929808372550829	0.1890795935734572	
AE3	H	0.19669708822251195	0.17823772272924815	0.20264558887440243	0.19394285093437635	0.2284767492394611	
AE3	I	0.19838007736943908	0.22885120198949988	0.18499585520862116	0.19625932578060237	0.1915135396518375	
AE3	K	0.2388873982649137	0.22513390772043845	0.1846088105814427	0.1788202208110982	0.17254966262210694	
AE3	L	0.20326908223916182	0.1854142180731388	0.20328755163034354	0.2066540179320998	0.20137513012525604	
AE3	M	0.19593195972903996	0.22036203829653658	0.20282424446456274	0.17142909135575563	0.20945266615410513	
AE3	N	0.1961942096451468	0.20864061415329332	0.2119849728449508	0.1932990322185471	0.189881171138062	
AE3	P	0.1815247142558498	0.18678989357823142	0.18917210767607723	0.2037814002557234	0.23873188423411817	
AE3	Q	0.2137732737600248	0.20455538485390914	0.18613370167303275	0.1611368729650876	0.23440076674794572	
AE3	R	0.18758358584561655	0.21938472600277337	0.19686508140311232	0.21162343998767397	0.1845431667608238	
AE3	S	0.18720985688846495	0.20395195075673098	0.203921070780337	0.2000456337428933	0.20487148783157375	
AE3	T	0.20257231567363623	0.20994799035791017	0.1935557826337578	0.202280825865954	0.19164308546874181	
AE3	V	0.2045806912053026	0.19114377824992002	0.19916244883226827	0.20696168264931955	0.1981513990631896	
AE3	W	0.22832481578321845	0.19268976309325728	0.18455352190793123	0.1846278028682355	0.20980409634735758	
AE3	X	0.19723865877712032	0.22583826429980275	0.22287968441814596	0.19674556213017752	0.15729783037475345	
AE3	Y	0.20071739687419934	0.19541207618071568	0.19705867281578274	0.2020565377060381	0.20475531642326417	
