AE3	1	0.29489530924386936	0.18326289123863523	0.2648569670612653	0.25698483245623005	
AE3	2	0.24978498535553278	0.17639080525289577	0.25702003953251706	0.31680416985905435	
AE3	3	0.0012045849672490364	0.0009413701588174446	0.44140452763001053	0.556449517243923	
AE3	4	0.30698055731125234	0.19278808190171862	0.2514816311270791	0.24874972965994993	
AE3	5	0.24046768409528713	0.1935651523711966	0.25323947015026715	0.31272769338324913	
AE3	6	0.001501330324525417	0.001214644131902473	0.4426107891247018	0.5546732364188703	
AE3	7	0.2707558288667848	0.19738428188461804	0.2626649074305373	0.2691949818180599	
AE3	8	0.23855644281113417	0.1968259982463523	0.24409233642540878	0.32052522251710475	
AE3	9	0.001277513910986452	0.0011811135830576843	0.42481445032533016	0.5727269221806257	
AE3	10	0.2710802369268581	0.200702967956531	0.25799577850390043	0.2702210166127104	
AE3	11	0.2302391901701843	0.1946582482635367	0.2467915456074143	0.32831101595886475	
AE3	12	0.001898667328336164	0.0012632634277274168	0.4153932043636656	0.5814448648802708	
AE3	13	0.26854616569791323	0.21197342368698563	0.2501261586900285	0.2693542519250726	
AE3	14	0.2388766595526019	0.2038414273284032	0.23859081162370005	0.31869110149529484	
AE3	15	0.0012842200207554097	0.0008902360718291418	0.42539117576546054	0.5724343681419549	
