AE	A	197965	223817	235618	216167	221772	2	
AE	C	118766	113267	125296	122564	132070	1	
AE	D	159147	145171	153274	137490	146900	1	
AE	E	124467	120373	122176	135861	106600	1	
AE	F	215114	208962	247090	271838	233734	1	
AE	G	318034	282861	296361	281677	276559	2	
AE	H	135710	120844	138819	133300	154428	1	
AE	I	213894	250202	201087	213610	207837	1	
AE	K	182388	170767	141422	135122	130482	1	
AE	L	456282	414683	456044	462492	451485	3	
AE	M	161383	181843	167832	141478	174337	1	
AE	N	180477	192255	194848	175923	174213	1	
AE	P	140589	141144	144229	154681	178737	2	
AE	Q	114172	107358	98427	84484	123973	1	
AE	R	343073	398385	356943	384362	337054	3	
AE	S	405738	441728	443273	435841	444403	3	
AE	T	228068	238552	219220	230341	216044	2	
AE	V	368118	347894	362644	379653	362992	2	
AE	W	174957	145504	139867	141668	159742	1	
AE	X	1408	1503	1558	1504	1148	1	
AE	Y	222043	214680	215765	221737	227283	1	
