AE	1	0.29457059079163916	0.18373532792758426	0.26171787888859926	0.25997620239217734	
AE	2	0.25087784215897063	0.17540795819079907	0.2566239626087539	0.3170902370414764	
AE	3	0.001159623496652579	0.0009162235899334639	0.4421946513430811	0.5557295015703329	
AE	4	0.30863130584498205	0.190618435234445	0.2510461601423464	0.2497040987782266	
AE	5	0.2403625627634451	0.1914840065417647	0.25357496414558006	0.3145784665492101	
AE	6	0.0014568134380057525	0.0011228669729859723	0.4417206266628685	0.5556996929261397	
AE	7	0.27159955650116446	0.1967648431919634	0.26224277997657	0.2693928203303022	
AE	8	0.23889073294077068	0.19564802759787378	0.24390956729727264	0.3215516721640829	
AE	9	0.001276168571693039	0.001135642106211561	0.42448405831467306	0.5731041310074223	
AE	10	0.27130438368611004	0.1996237835327636	0.25793397407723756	0.2711378587038888	
AE	11	0.22973656554663113	0.19362328104419008	0.2473844035346328	0.329255749874546	
AE	12	0.0019328552445171707	0.0011896562659899283	0.4158249833643112	0.5810525051251817	
AE	13	0.26972968042219797	0.2102374538666406	0.24985986575352107	0.2701729999576403	
AE	14	0.23867669342795597	0.20058012552352833	0.24015793650669137	0.32058524454182435	
AE	15	0.0013344411092132693	0.0008577269272689253	0.42505737043381436	0.5727504615297034	
