C1	1	0.28245684447540775	0.16752446050661726	0.25962816301232156	0.29039053200565346	
C1	2	0.24151927302515358	0.16605939788659943	0.2105450195362652	0.3818763095519818	
C1	3	0.0010670857766770586	0.0009779284410299427	0.40327978898706174	0.5946751967952313	
C1	4	0.31839474247369687	0.16526973496766717	0.24087481246363507	0.2754607100950009	
C1	5	0.20768655185977397	0.20179055838112697	0.19469377171673108	0.395829118042368	
C1	6	0.0008968347258614949	0.0013151135923932494	0.4335785855860668	0.5642094660956785	
C1	7	0.24805006215850425	0.17687768837389486	0.22531151024062643	0.3497607392269744	
C1	8	0.21497046027031314	0.19117889101999766	0.17609597469784585	0.41775467401184335	
C1	9	0.0008773905346363382	0.000945673959115271	0.39858041391192994	0.5995965215943184	
C1	10	0.24352322568609686	0.169841579023881	0.19437048344321398	0.3922647118468081	
C1	11	0.24656875791993363	0.16245558860940978	0.18305911114196766	0.40791654232868896	
C1	12	0.0015856166056138125	0.00106062344253458	0.37247561498259574	0.6248781449692559	
C1	13	0.2498142793794009	0.17720932621187924	0.22889902071046558	0.3440773736982543	
C1	14	0.26107566867143905	0.17794180033309043	0.18562460060773392	0.3753579303877366	
C1	15	0.0009060421222945839	0.0008578891546134603	0.38774742590362016	0.6104886428194718	
