C2	1	0.2844532230630285	0.16726303055702835	0.26294946758422894	0.28533427879571416	
C2	2	0.24067138657974377	0.16692646896802224	0.21367145066038998	0.37873069379184404	
C2	3	0.0011207522174901383	0.0010031363798159827	0.4073517382417436	0.5905243731609503	
C2	4	0.31812167082014425	0.16718921237401954	0.2448440699315026	0.2698450468743336	
C2	5	0.20654706051615493	0.20320419389332278	0.1982381776841935	0.3920105679063288	
C2	6	0.0009097580791896465	0.0013980381457161578	0.43742265514904577	0.5602695486260484	
C2	7	0.25012270784655394	0.17887617004052472	0.22885193037737717	0.34214919173554414	
C2	8	0.21412137588758817	0.19206968198352858	0.18013035627776233	0.4136785858511209	
C2	9	0.0008940674631007948	0.0010126613066558275	0.40164009885343266	0.5964531723768107	
C2	10	0.2446439614238762	0.1716071625919044	0.1998711498512942	0.3838777261329252	
C2	11	0.24306261095848786	0.16643027981045905	0.18777058074116773	0.40273652848988534	
C2	12	0.0016466217274381805	0.0013179692294687118	0.37536626851763777	0.6216691405254553	
C2	13	0.2514911932058697	0.18166080791535028	0.23353598323885016	0.33331201563992985	
C2	14	0.2591149191352846	0.179522249229831	0.19272167173011495	0.3686411599047694	
C2	15	0.0009402888714709349	0.0010188269959048343	0.3923065209902811	0.6057343631423431	
