C3	1	0.2852754584715053	0.1657394416590698	0.2647139610306615	0.28427113883876337	
C3	2	0.23945335487532463	0.16687770675809693	0.20976397321763657	0.3839049651489419	
C3	3	0.0010937070650643358	0.0009120557378129299	0.4047602416858155	0.5932339955113073	
C3	4	0.32146228070161154	0.16623299922406065	0.24448488497595902	0.26781983509836876	
C3	5	0.2016026889823721	0.2063053254340243	0.19363966357544626	0.39845232200815733	
C3	6	0.0008804146491402172	0.0013444477677537578	0.43973878680250733	0.5580363507805987	
C3	7	0.2500132290143464	0.17847348734565405	0.22620968685145607	0.3453035967885435	
C3	8	0.21073453511941037	0.1927220720039376	0.17554383731726117	0.42099955555939084	
C3	9	0.0008711339867679464	0.0009401148164472225	0.40146088480315417	0.5967278663936306	
C3	10	0.24274142299907697	0.16956008954808005	0.19509390537816557	0.3926045820746774	
C3	11	0.24351372607251215	0.16609471192742586	0.1836634399811695	0.4067281220188925	
C3	12	0.001619882630556532	0.0010664620796205935	0.370626779573794	0.6266868757160289	
C3	13	0.2504717805721436	0.18306421312004525	0.23208233803656678	0.3343816682712443	
C3	14	0.2592592652895792	0.18031143840551925	0.18916670994928797	0.3712625863556136	
C3	15	0.000947441655162173	0.0008417723590287738	0.39058725914849435	0.6076235268373147	
