C	1	0.28412074780435653	0.16686757444968578	0.2625192937433214	0.2864923840026363	
C	2	0.24054322202350006	0.16665622836899788	0.21154006138997875	0.3812604882175233	
C	3	0.001096576543492735	0.0009674804343336958	0.4053501553595616	0.5925857876626119	
C	4	0.31923775007154803	0.16632796886724155	0.24356481472756414	0.2708694663336463	
C	5	0.20534937122521765	0.20374973716355252	0.1957695548297695	0.39513133678146034	
C	6	0.0008968578626261244	0.0013570235687226108	0.4370096972851048	0.5607364212835465	
C	7	0.24947892085345047	0.17816329890501192	0.22699100796465108	0.3453667722768865	
C	8	0.2133211401003746	0.19200984940043675	0.17752128470417067	0.417147725795018	
C	9	0.00088205017544417	0.0009704587986873389	0.40068426995544504	0.5974632210704235	
C	10	0.24372433390311518	0.17045298667012	0.196771513617553	0.38905116580921184	
C	11	0.24423410536127121	0.16515674811881795	0.18511091428852966	0.40549823223138115	
C	12	0.001620381650637121	0.0011642712315984198	0.37304629394551364	0.6241690531722508	
C	13	0.25068172572555647	0.1807861441509501	0.23172093661582963	0.3368111935076638	
C	14	0.2597365927834871	0.1793019090878007	0.1895312781430191	0.3714302199856931	
C	15	0.0009324299656973196	0.0009165790096457274	0.39043203311968083	0.6077189579049761	
