E1	1	0.27496133165426284	0.1851239953637959	0.2220894554909368	0.31782521749100445	
E1	2	0.2339574984167504	0.1491878933576611	0.23276500895572655	0.3840895992698619	
E1	3	0.001138366149847208	0.0009717450300936397	0.44071229069332213	0.557177598126737	
E1	4	0.3068192136104963	0.18526365000377212	0.22272764102882006	0.2851894953569115	
E1	5	0.21924833063213806	0.17352650554332477	0.2212619335397464	0.3859632302847908	
E1	6	0.0010273911542459167	0.001575667276024509	0.43519406062331145	0.5622028809464181	
E1	7	0.2654877852315948	0.1896619780312655	0.25233607441783973	0.2925141623193	
E1	8	0.20044571466786784	0.20085186157858473	0.20010581012159218	0.39859661363195525	
E1	9	0.0011808780120844092	0.0013064466320357846	0.4150490215704554	0.5824636537854243	
E1	10	0.2899567882782994	0.1713320685948567	0.27504394425819245	0.2636671988686515	
E1	11	0.1850059139076415	0.17653964481783255	0.1989286122408656	0.43952582903366033	
E1	12	0.0021164562340061015	0.0011128590325048871	0.3893056144147446	0.6074650703187444	
E1	13	0.26863931013526576	0.19293469346758282	0.22882244616174038	0.30960355023541103	
E1	14	0.20851414886778538	0.1814758430784375	0.21830773981750481	0.3917022682362723	
E1	15	0.0007299984702074649	0.0008599451774638654	0.4130007112171102	0.5854093451352185	
