E2	1	0.2726968450028046	0.18812171602119357	0.2134971253765541	0.3256843135994477	
E2	2	0.23251604620178984	0.14467113761824965	0.22872303141788633	0.3940897847620742	
E2	3	0.0011280112219945457	0.0009855788916607303	0.4408954260509833	0.5569909838353614	
E2	4	0.3075577192159045	0.18671205422202888	0.2160841984207843	0.2896460281412823	
E2	5	0.216959441788545	0.1708001394824181	0.2175694572249515	0.3946709615040854	
E2	6	0.0010022657087230226	0.0015782911114300734	0.43463086911459486	0.5627885740652521	
E2	7	0.2653745463959557	0.18970308913049796	0.24861327707072833	0.296309087402818	
E2	8	0.19509508844013043	0.20157256740109208	0.1938626415187381	0.4094697026400394	
E2	9	0.001157862572834214	0.001319271204365518	0.41249891029360874	0.5850239559291915	
E2	10	0.29317134939553213	0.16882396244541562	0.2743604193982707	0.2636442687607815	
E2	11	0.17798594961197647	0.17408814690034669	0.1928469911335324	0.45507891235414444	
E2	12	0.002136484955007234	0.001162089312776114	0.384130925030842	0.6125705007013746	
E2	13	0.26894156267859076	0.19073828818793495	0.22425003984582967	0.3160701092876446	
E2	14	0.20422537505712704	0.17707900569465151	0.2136408345345787	0.40505478471364276	
E2	15	0.0007327229803447787	0.0009193599659042978	0.4118571502790969	0.586490766774654	
