E3	1	0.27417862320874237	0.18577275009515853	0.21470591031818986	0.32534271637790924	
E3	2	0.232222010588437	0.1435657348339089	0.22962805515605844	0.39458419942159567	
E3	3	0.0012021412431613915	0.000994126702386769	0.44061859635272177	0.5571851357017301	
E3	4	0.3086399032741587	0.1859643860212511	0.21576045999983437	0.2896352507047558	
E3	5	0.21826154193922184	0.17012908740751373	0.21727686207826216	0.39433250857500224	
E3	6	0.0010555311716629108	0.0015286093605316486	0.4337542391934115	0.5636616202743939	
E3	7	0.26670745984555644	0.1906803228734102	0.24758392429767487	0.29502829298335853	
E3	8	0.1965544179472811	0.2012206668672587	0.1950921205061176	0.4071327946793426	
E3	9	0.0012480259015215855	0.001381263171519368	0.41241744365403826	0.5849532672729207	
E3	10	0.2937589810170629	0.16972962097002497	0.27301764320322763	0.2634937548096845	
E3	11	0.1796887388436023	0.17322348006302393	0.1949006072662773	0.45218717382709644	
E3	12	0.0022199463922420574	0.0011632497011822968	0.38368309650285903	0.6129337074037166	
E3	13	0.2702823532081995	0.19060959424895924	0.22278406391463	0.31632398862821126	
E3	14	0.20656892866377188	0.17846917615261434	0.21270379336690642	0.40225810181670735	
E3	15	0.0007377737782059527	0.000903461561937081	0.41058604462283027	0.5877727200370267	
