E	1	0.2737894058617543	0.18656009340973276	0.2163291512970101	0.3233213494315028	
E	2	0.23284328617180755	0.1456417603256634	0.23015537934084473	0.3913595741616843	
E	3	0.00115305286071323	0.0009841424286647356	0.4407603437739892	0.5571024609366328	
E	4	0.3076673031174746	0.18607278717840564	0.21789936837868185	0.28836054132543787	
E	5	0.2180055489961477	0.17138488224613338	0.21854481362453598	0.3920647551331829	
E	6	0.0010253476648443133	0.0015627501159661765	0.4345320180568392	0.5628798841623504	
E	7	0.26580382378749623	0.1899820997297433	0.24937808756293428	0.2948359889198262	
E	8	0.197068943936634	0.2012604676270341	0.19602490147256596	0.40564568696376596	
E	9	0.0011913187778742377	0.0013340309317137406	0.4132084087454271	0.584266241544985	
E	10	0.2924213109611113	0.16981515809373807	0.2741574597214709	0.2636060712236798	
E	11	0.18051258145382443	0.17453617911019767	0.19520804463500158	0.44974319480097635	
E	12	0.00215556146908406	0.001148269621068104	0.38548655916962377	0.6112096097402241	
E	13	0.2692536349700241	0.19133195916822165	0.22512936289876884	0.3142850429629855	
E	14	0.20615686192605506	0.17875784451301802	0.2147047667648533	0.4003805267960736	
E	15	0.0007334422500125605	0.0008975329291361951	0.4118078871313181	0.5865611376895331	
