E1	1	0.2756526373004787	0.1955021112807851	0.23754907451498583	0.29129617690375037	
E1	2	0.2358774358871273	0.161787648245272	0.2310976170662895	0.3712372988013112	
E1	3	0.001202908866873426	0.0009857835501546836	0.4520362720421801	0.5457750355407918	
E1	4	0.3029880623675499	0.18965423825023886	0.2369296483355301	0.27042805104668116	
E1	5	0.2222826753300245	0.17933765729105083	0.22857065645196997	0.36980901092695473	
E1	6	0.0014216316721271931	0.0013145999402805536	0.4424172610766194	0.5548465073109728	
E1	7	0.26222161931821586	0.1889958067257196	0.2664002499537061	0.2823823240023584	
E1	8	0.21358940897051049	0.19617212459718328	0.21102996608931213	0.3792085003429941	
E1	9	0.0013008881636882603	0.0010237239028615148	0.41987017476923943	0.5778052131642107	
E1	10	0.28269157115793025	0.17018923982309944	0.2833047405072905	0.26381444851167984	
E1	11	0.1847494159515354	0.1897740498903657	0.20205727236021342	0.42341926179788547	
E1	12	0.0019123269004688761	0.001208233828656841	0.3979284034925892	0.5989510357782851	
E1	13	0.2627120482984684	0.19469351583397354	0.2478125389803843	0.29478189688717377	
E1	14	0.20176826005941859	0.18234120198498602	0.2210756396177689	0.3948148983378265	
E1	15	0.0012102306893256216	0.0009431838558873642	0.41287876619570485	0.5849678192590821	
