E2	A	547269	583901	652604	583075	576469	2
E2	C	276279	285431	285085	268425	311188	1
E2	D	370899	357666	376902	286472	302649	1
E2	E	329350	345182	336851	268236	204399	1
E2	F	733832	677857	795313	797345	860332	1
E2	G	707441	613743	660658	590962	605911	2
E2	H	367162	308790	349862	303687	414504	1
E2	I	733763	885493	806895	1072364	848718	1
E2	K	426469	385835	288327	289018	295471	1
E2	L	1730990	1474540	1410658	1341795	1432350	3
E2	M	526437	592740	465815	344250	459214	1
E2	N	413732	433309	426278	389160	343441	1
E2	P	394570	389309	420432	354090	331748	2
E2	Q	346304	304240	303137	188487	297062	1
E2	R	847563	987793	830017	814127	864982	3
E2	S	969276	1176411	1207266	1094188	1203302	3
E2	T	602540	673087	658572	810741	655743	2
E2	V	1062594	1123014	1385885	1931413	1469596	2
E2	W	658220	493916	488753	462655	592198	1
E2	X	3890	4310	4475	3990	2869	1
E2	Y	746490	698503	641285	600590	722924	1
