E2	1	0.27760582786964044	0.19419901571464634	0.2358371622820352	0.292357994133678	
E2	2	0.2346903143163734	0.16030697760934484	0.2308260916118474	0.3741766164624344	
E2	3	0.0012031196390484772	0.0009426286843291987	0.45342878155414545	0.5444254701224769	
E2	4	0.30383085047600367	0.18930330197490128	0.23630241960380052	0.27056342794529453	
E2	5	0.22166092096409007	0.17832594897878637	0.22849159871731847	0.3715215313398051	
E2	6	0.0014641576794812378	0.001328714887843521	0.4426227445414523	0.5545843828912229	
E2	7	0.2629756617197092	0.1887491823022461	0.26673554736316407	0.2815396086148806	
E2	8	0.21303353557268542	0.1963660222257479	0.21040979064592846	0.38019065155563825	
E2	9	0.0013077693205273593	0.0010324288964421453	0.41973439770161475	0.5779254040814157	
E2	10	0.2846965276469765	0.16795429802259776	0.2860600215551771	0.2612891527752486	
E2	11	0.1819831388183105	0.18833496026203841	0.20083180474979817	0.4288500961698529	
E2	12	0.0019272266583926466	0.0011672464472644542	0.397736393782918	0.599169133111425	
E2	13	0.2635579953841597	0.19283520918603805	0.24689384270660497	0.2967129527231973	
E2	14	0.20187970835642166	0.18177290159412962	0.22008461071334506	0.39626277933610365	
E2	15	0.0011960075247732134	0.0009155088639608849	0.4100008049975498	0.587887678613716	
