E3	A	364998	392705	436286	393418	389440	2
E3	C	186585	191610	192229	180539	208558	1
E3	D	256722	245573	259398	200118	207187	1
E3	E	223901	232923	228761	186448	143628	1
E3	F	487306	452674	532037	540281	567813	1
E3	G	487104	420618	452549	404291	413754	2
E3	H	249514	209430	238064	210749	277776	1
E3	I	484546	582574	532616	694863	554394	1
E3	K	287083	261324	196287	200594	202669	1
E3	L	1135188	969555	935406	901177	966316	3
E3	M	346118	396277	316555	232258	312292	1
E3	N	283238	297292	291860	268391	235965	1
E3	P	264970	262467	280543	242928	229987	2
E3	Q	233492	202344	200336	129172	202224	1
E3	R	567510	665583	556243	555128	581150	3
E3	S	661071	789107	809578	742667	809769	3
E3	T	406241	453075	439000	533600	438981	2
E3	V	713450	744804	908017	1232034	961964	2
E3	W	433604	329576	327911	309640	391686	1
E3	X	2486	2974	2750	2480	1846	1
E3	Y	494178	466820	432879	408529	471906	1
