E3	1	0.27791950455725406	0.19361196736491465	0.23877957430620103	0.28968895377163023	
E3	2	0.23685701465871503	0.1612231096920929	0.2323907248020697	0.3695291508471224	
E3	3	0.0011796755979627286	0.0009658892990738456	0.4516514466459065	0.546202988457057	
E3	4	0.30401835388050724	0.18914287681439743	0.23766489814518213	0.2691738711599132	
E3	5	0.22375735255076112	0.17920169722048637	0.2299301985400216	0.36711075168873086	
E3	6	0.001450526034491712	0.0013973128509254835	0.442445099106637	0.5547070620079458	
E3	7	0.2637057497661712	0.18825692398625093	0.2666506793724812	0.2813866468750966	
E3	8	0.21582952176401704	0.19565880780296652	0.21221149206382547	0.37630017836919094	
E3	9	0.0012569280705961568	0.0010359066458715148	0.4195641303466267	0.5781430349369057	
E3	10	0.2833305618133559	0.17096672367245652	0.28197257537221515	0.2637301391419724	
E3	11	0.18738520801861994	0.18909526501857502	0.20334391178747868	0.42017561517532637	
E3	12	0.0018987537495747905	0.0011540025708035833	0.39849567730405205	0.5984515663755695	
E3	13	0.2639623633421847	0.19442708597721753	0.24692469225917388	0.2946858584214239	
E3	14	0.20340587713939462	0.18348045728329193	0.22069222649911516	0.39242143907819826	
E3	15	0.0011864439414865033	0.0008982058638360987	0.4142267080002404	0.5836886421944371	
