E3	A	0.18463644379155292	0.1986521971604277	0.22069790934756206	0.19901287251871289	0.19700057718174446	
E3	C	0.1944564006415701	0.19969338868039366	0.20033850223184277	0.1881553400081916	0.21735636843800188	
E3	D	0.21960858786755838	0.2100713602589568	0.22189772779765235	0.1711876324852566	0.17723469159057587	
E3	E	0.22044855517736725	0.22933144031325411	0.22523361633458408	0.18357306227176193	0.1414133259030326	
E3	F	0.18887016876405704	0.1754474904374269	0.2062070197755058	0.209402231144319	0.22007308987869126	
E3	G	0.2236149392466474	0.19309319676300407	0.20775176787940777	0.18559795732116002	0.18994213878978072	
E3	H	0.2104656724022022	0.17665471986018103	0.20080756925366058	0.1777672996027947	0.23430473888116146	
E3	I	0.17007623395354077	0.2044841809018134	0.1869488622822169	0.24389775615454304	0.19459296670788592	
E3	K	0.2500816668220151	0.22764267302695135	0.17098811192405292	0.1747399946165231	0.17654755361045754	
E3	L	0.2313102707980737	0.19756025398755656	0.19060192247111749	0.18362728984714044	0.19690026289611182	
E3	M	0.21585157468038665	0.24713252260679763	0.19741502962270036	0.14484440286872466	0.1947564702213907	
E3	N	0.20573003299083492	0.21593816143282785	0.2119926260907967	0.19494590868613382	0.17139327079940672	
E3	P	0.20686316989292644	0.2049090674879674	0.21902107510763957	0.18965488974506106	0.1795517977664055	
E3	Q	0.24131843963421692	0.20912638698262034	0.20705108064756172	0.13350172804392044	0.2090023646916806	
E3	R	0.19397979364331727	0.22750198761695836	0.19012863624524629	0.1897475196659573	0.1986420628285208	
E3	S	0.17340968135917603	0.20699560777631348	0.2123654842148559	0.19481364002652543	0.21241558662312915	
E3	T	0.1788901037783748	0.1995136723506174	0.1933156809842102	0.23497322864048875	0.19330731424630884	
E3	V	0.1564491042085456	0.16332457580901477	0.19911478906178562	0.27016695725624956	0.21094457366440444	
E3	W	0.2419102251317634	0.18387239130180086	0.18294347799647068	0.17274997949695858	0.21852392607300644	
E3	X	0.1983088704530951	0.2372367581365667	0.21936821952776006	0.19783024888321635	0.14725590299936184	
E3	Y	0.21728681025294683	0.20525767792633554	0.19033404387788483	0.17962750933029417	0.20749395861253864	
