E	A	1234629	1320903	1471148	1321017	1310761	2	
E	C	625782	644479	645498	607798	701594	1	
E	D	849021	817142	860624	657930	690110	1	
E	E	748265	779588	764596	615750	470622	1	
E	F	1651194	1528421	1796199	1808588	1926300	1	
E	G	1617806	1396826	1505048	1344982	1378987	2	
E	H	835812	701150	794194	696550	934958	1	
E	I	1642801	1981457	1807692	2379941	1892011	1	
E	K	962982	874537	654738	662816	672804	1	
E	L	3874310	3304911	3177236	3035592	3250509	3	
E	M	1176150	1337231	1058968	779382	1043903	1	
E	N	942522	988923	969924	888304	782208	1	
E	P	895837	883141	948934	809547	760191	2	
E	Q	785209	682689	678662	429599	676034	1	
E	R	1911909	2233129	1871608	1848511	1955375	3	
E	S	2204322	2659000	2725813	2488863	2721601	3	
E	T	1362294	1520036	1481711	1816001	1474305	2	
E	V	2398426	2525436	3097638	4264915	3286033	2	
E	W	1473083	1114026	1106034	1046456	1332292	1	
E	X	8647	9749	9738	8869	6490	1	
E	Y	1675166	1573393	1450164	1364756	1609079	1	
