E	1	0.2771908154288904	0.19436378776877788	0.2371556874967404	0.29128970930559134	
E	2	0.23564212091037293	0.160964028257768	0.23136104703096663	0.37203280380089243	
E	3	0.0011961075441940595	0.0009607577404839686	0.4525390940057624	0.5453040407095596	
E	4	0.30366725277864104	0.18934698602300595	0.23686991548670278	0.2701158457116502	
E	5	0.22244480101686628	0.17884902033046907	0.22893908422607073	0.3697670944265939	
E	6	0.0014490497111008436	0.001345400216912453	0.442516572317807	0.5546889777541797	
E	7	0.26299616784305785	0.1886672558953983	0.2666231382656548	0.28171343799588905	
E	8	0.2140078776386034	0.19610570877034023	0.21110579569323712	0.37878061789781925	
E	9	0.0012908915955116755	0.001031196454543169	0.4197191898675191	0.577958722082426	
E	10	0.2837695973904569	0.16942966043345228	0.28413027546662534	0.26267046670946553	
E	11	0.18430587357061184	0.18893495071333224	0.20189608966785966	0.4248630860481963	
E	12	0.0019149010294510704	0.0011739785676533373	0.3980116681695208	0.5988994522333747	
E	13	0.26345793274633483	0.19379103167643516	0.24714198553921599	0.2956090500380141	
E	14	0.20230362299482557	0.18242747323173028	0.22052273144571893	0.39474617232772524	
E	15	0.0011968694181907667	0.0009175733371251571	0.41200355338032063	0.5858820038643634	
