G1	A	517180	552228	563703	523012	536221	2
G1	C	259445	249296	268555	263420	276119	1
G1	D	414795	385516	409676	371936	383786	1
G1	E	325477	311158	327781	354210	278168	1
G1	F	488501	489248	601364	634700	555866	1
G1	G	787134	734521	779678	722141	683742	2
G1	H	346823	302051	347799	341954	394719	1
G1	I	500286	573484	499481	506846	510886	1
G1	K	434068	387942	306217	324931	312460	1
G1	L	1090741	994205	1079321	1122976	1095665	3
G1	M	393541	440956	408146	339132	433053	1
G1	N	442031	490534	476283	451707	446008	1
G1	P	393848	392697	397975	419304	483544	2
G1	Q	301958	274157	255704	215482	321542	1
G1	R	819978	906102	786757	871357	750019	3
G1	S	1034447	1136312	1110593	1095167	1132346	3
G1	T	588731	612178	565391	589232	558103	2
G1	V	880032	848044	863742	904278	888374	2
G1	W	382388	341166	335885	335816	340385	1
G1	X	3088	3022	3344	3354	2486	1
G1	Y	510536	490211	527633	524073	531536	1
