G1	A	0.19209283806229813	0.2051104910813774	0.20937257646125457	0.19425898027889452	0.19916511411617535	
G1	C	0.19702164659961194	0.1893145306739265	0.2039397494750671	0.20004024801892417	0.20968382523247028	
G1	D	0.21101546566658647	0.1961205854986674	0.20841131622228926	0.18921213668961173	0.19524049592284515	
G1	E	0.2038315524732683	0.19486420915910255	0.20527444366649675	0.2218257333131262	0.1742040613880062	
G1	F	0.17637459070166614	0.17664429704669746	0.21712407827766322	0.22916013010894043	0.20069690386503272	
G1	G	0.2123248281189982	0.19813277672517599	0.2103136153922512	0.19479334357641961	0.184435436187155	
G1	H	0.20008873012081835	0.17425891887713127	0.20065180292913243	0.19727971218671864	0.2277208358861993	
G1	I	0.19308733403499753	0.22133838778563966	0.1927766411435351	0.1956191916349895	0.1971784454008382	
G1	K	0.24584479768556958	0.21972023393508675	0.1734333247622079	0.18403244642952213	0.17696919718761364	
G1	L	0.20263043693111604	0.18469663609335327	0.20050890708145114	0.2086188357668383	0.20354518412724126	
G1	M	0.19532237987560228	0.21885540601976944	0.20257113758593787	0.16831808968308956	0.21493298683560086	
G1	N	0.19164054916340895	0.21266880635820481	0.20649034949403072	0.19583553538316534	0.19336475960119018	
G1	P	0.18868163160496856	0.18813021949172354	0.19065876261397127	0.20087689377244453	0.23165249251689207	
G1	Q	0.22059359619766475	0.2002837432780823	0.186803015393292	0.15741907581804487	0.23490056931291609	
G1	R	0.19833956305589479	0.21917158114494825	0.19030393450942173	0.21076732137410434	0.18141759991563086	
G1	S	0.1877786077531397	0.20626971254514315	0.2016010557528638	0.1988008419157122	0.20554978203314112	
G1	T	0.20206065619063474	0.21010799225023039	0.1940500440171813	0.20223260634911375	0.19154870119283987	
G1	V	0.20071570794189492	0.19341995725823188	0.19700032158961062	0.2062456807778363	0.20261833243242627	
G1	W	0.22031527275241408	0.19656495586642392	0.19352227420432808	0.19348251941646885	0.19611497776036504	
G1	X	0.20190924545573427	0.19759382764482802	0.2186478357525827	0.21930168693605334	0.16254740421080163	
G1	Y	0.19757669247044007	0.18971094691192572	0.2041932067048273	0.20281549186161396	0.20570366205119295	
