G1	1	0.29289169024577855	0.1933827380012218	0.2679441591904299	0.2457814125625697	
G1	2	0.2544837264732624	0.18850176105824007	0.24981410950113916	0.3072004029673584	
G1	3	0.001207601116552335	0.0008669698327846709	0.44471961043068325	0.5532058186199798	
G1	4	0.30744831804371003	0.19139529463415028	0.25940996211828315	0.24174642520385656	
G1	5	0.24219892060744141	0.20111373053738388	0.25014328868418845	0.3065440601709863	
G1	6	0.0014764048246142841	0.0010728327952983722	0.4417082576425823	0.555742504737505	
G1	7	0.2693314208630523	0.1965294088114112	0.26977301386675323	0.26436615645878325	
G1	8	0.24309969704154674	0.20244144128627065	0.23819270092573286	0.31626616074644975	
G1	9	0.0012633957512523102	0.0009897363524857656	0.4195494505373692	0.5781974173588927	
G1	10	0.2718320099591133	0.20157520438793194	0.26345117941978713	0.2631416062331677	
G1	11	0.23699123813516557	0.20026004514143253	0.24136319210541649	0.3213855246179854	
G1	12	0.001833893600639412	0.001218320282824744	0.4145457986914921	0.5824019874250437	
G1	13	0.27223888019343606	0.2133397184139152	0.25380521240989945	0.2606161889827493	
G1	14	0.2446608474114771	0.21028402309183267	0.22587647049554063	0.3191786590011496	
G1	15	0.001340170634468368	0.0008854764275455821	0.42124426982688457	0.5765300831111015	
