G2	A	1064317	1125068	1153386	1070899	1098036	2
G2	C	516994	497674	538032	526881	557784	1
G2	D	826834	768517	816714	737159	761102	1
G2	E	658162	622560	654259	705833	558310	1
G2	F	972082	978014	1213098	1281144	1114534	1
G2	G	1585873	1481717	1568019	1452806	1374672	2
G2	H	695411	611232	699876	689399	793374	1
G2	I	1001587	1146610	1003695	1013286	1015894	1
G2	K	867602	777790	613582	644797	619270	1
G2	L	2194668	2006641	2185086	2278827	2221512	3
G2	M	796533	886281	815674	677583	868686	1
G2	N	879276	977079	948586	894152	876340	1
G2	P	815096	807057	812544	859977	993625	2
G2	Q	614771	555139	517959	440051	657246	1
G2	R	1675336	1836503	1600195	1763305	1528910	3
G2	S	2088357	2298871	2235551	2206916	2288246	3
G2	T	1197554	1239933	1144969	1192758	1124852	2
G2	V	1766181	1721874	1746892	1834302	1801151	2
G2	W	767178	687495	677166	679315	687918	1
G2	X	6210	6134	7012	6756	5049	1
G2	Y	1020211	978044	1057938	1054087	1063722	1
