G2	1	0.2926433942177438	0.19548167415954543	0.2681192547175332	0.24375567690517755	
G2	2	0.25289451742262414	0.19079158275114955	0.2504993132285021	0.3058145865977242	
G2	3	0.0011950805425403966	0.0008587824062917647	0.44728697089608144	0.5506591661550864	
G2	4	0.30635619833539235	0.192982336578733	0.2598670927230572	0.24079437236281745	
G2	5	0.24055221226200615	0.20285365460936533	0.2503993142825573	0.30619481884607125	
G2	6	0.0014628196558764124	0.0010726374896911583	0.4432018708389807	0.5542626720154518	
G2	7	0.2680887234627968	0.19814752520554985	0.26984127200476576	0.2639224793268876	
G2	8	0.24142889543372373	0.2038892638660056	0.23826332225848415	0.31641851844178653	
G2	9	0.0012401050565936788	0.0009411531872994342	0.42000684045493025	0.5778119013011767	
G2	10	0.2697242355282761	0.20354892215584097	0.2635591483088411	0.2631676940070418	
G2	11	0.23491101774847262	0.20202753882830493	0.2411592935503815	0.32190214987284094	
G2	12	0.0018207895309781377	0.0012285649692379435	0.4154868971849093	0.5814637483148747	
G2	13	0.269784661969942	0.21574356871840333	0.25412140135551503	0.2603503679561397	
G2	14	0.24233951736628673	0.21222066173586904	0.22641651391952616	0.3190233069783181	
G2	15	0.0013544609616109452	0.0008899042954204208	0.4236384695990483	0.5741171651439203	
