G3	1	0.29288957373662117	0.19481599211840223	0.2672788673014635	0.2450155668435131	
G3	2	0.2538856543226086	0.18934767007294337	0.2501760513619848	0.3065906242424632	
G3	3	0.0012350139502665558	0.0008769294429210006	0.44553810553032325	0.5523499510764892	
G3	4	0.30708875725309925	0.1932255854633093	0.2582889946102636	0.2413966626733278	
G3	5	0.24102751186673663	0.20168681804865551	0.2508885565343581	0.30639711355024973	
G3	6	0.0014473672601144107	0.0010675987880308703	0.4423427863954506	0.5551422475564041	
G3	7	0.268865011935901	0.19758211829604713	0.2689793387706747	0.2645735309973771	
G3	8	0.24213713268298387	0.20257055177016672	0.23876161232390938	0.31653070322294	
G3	9	0.0012352382671431555	0.0009626932620743419	0.41976342345837103	0.5780386450124114	
G3	10	0.27081641921773525	0.20341084278990976	0.2624261455376868	0.2633465924546682	
G3	11	0.23658843042341007	0.200998912960416	0.24105016787127323	0.3213624887449007	
G3	12	0.0018707279785505212	0.0012304528404423589	0.4148517063560486	0.5820471128249585	
G3	13	0.2703401197164216	0.21622688844527319	0.25329973864092986	0.26013325319737535	
G3	14	0.24333775137883845	0.21204412641960804	0.22591662979146457	0.31870149241008894	
G3	15	0.0013339376928470882	0.0008891920988417922	0.42269277754988843	0.5750840926584226	
