G	A	2217425	2355117	2409279	2237087	2296842	2	
G	C	1094826	1053959	1138160	1113298	1172917	1	
G	D	1747667	1618800	1723758	1560025	1608292	1	
G	E	1380869	1309479	1377841	1489950	1178979	1	
G	F	2053859	2064468	2553224	2694668	2349304	1	
G	G	3330298	3110212	3299737	3053957	2892495	2	
G	H	1469003	1289211	1477075	1456639	1676901	1	
G	I	2112107	2422303	2116342	2138421	2146767	1	
G	K	1833755	1644691	1297179	1368141	1316510	1	
G	L	4623298	4220646	4588747	4782407	4668239	3	
G	M	1670915	1863740	1720900	1430232	1829036	1	
G	N	1857489	2062133	2003335	1894778	1853608	1	
G	P	1693540	1684542	1698974	1797063	2080375	2	
G	Q	1288298	1165179	1087599	922026	1376143	1	
G	R	3514573	3869630	3361225	3709604	3210104	3	
G	S	4393051	4828434	4704775	4643861	4810347	3	
G	T	2512003	2602532	2401958	2503297	2365946	2	
G	V	3724297	3611936	3670548	3845228	3774569	2	
G	W	1614990	1445946	1425493	1424955	1442470	1	
G	X	13162	12763	14371	14184	10539	1	
G	Y	2153774	2063478	2228679	2219378	2238816	1	
