G	1	0.2927730411226562	0.19479456210019017	0.26783522254532355	0.2445971742318301	
G	2	0.25355547195439543	0.1898346705703196	0.25024439948182253	0.30636545799346243	
G	3	0.001209567388186724	0.0008659545247414437	0.446176540682195	0.5517479374048768	
G	4	0.3068252715738186	0.19267845633092823	0.2593034764878649	0.24119279560738827	
G	5	0.2410777180200832	0.20210641661654702	0.2504802782976932	0.3063355870656766	
G	6	0.0014615587941717695	0.0010712280588532008	0.4426015975481908	0.5548656155987842	
G	7	0.2686059270400321	0.19760273169310621	0.2695762030262382	0.26421513824062354	
G	8	0.24202736729910526	0.20316701814143737	0.2383906088394879	0.3164150057199695	
G	9	0.0012441900181510703	0.0009588287036851049	0.4198286976806812	0.5779682835974826	
G	10	0.2705366300297469	0.2030437330685512	0.263206416664064	0.2632132202376378	
G	11	0.23588596502254747	0.20131372469993972	0.2411758406700695	0.3216244696074433	
G	12	0.0018383039809890445	0.0012266951146756365	0.4150815528165304	0.5818534480878049	
G	13	0.2705236924406336	0.21531647265250686	0.2538095152317757	0.26035031967508376	
G	14	0.2431751193616788	0.21171310570001667	0.2261448027674259	0.31896697217087866	
G	15	0.0013451636894444695	0.0008886547019669758	0.4228008657946948	0.5749653158138938	
