H1	1	0.28114779740526513	0.18037510121944117	0.2490510500927129	0.2894260512825808	
H1	2	0.24270393166237697	0.16331973630268432	0.2540756807617478	0.3399006512731909	
H1	3	0.0011384817479103096	0.0010386941816830685	0.4304187028197207	0.5674041212506858	
H1	4	0.29856520484201216	0.18553452980534407	0.24261511508160397	0.27328515027103983	
H1	5	0.23584504902820463	0.18306726811329865	0.24462482214499867	0.336462860713498	
H1	6	0.0010872569261202547	0.001649277923618386	0.4302359068414904	0.5670275583087709	
H1	7	0.2627358217356841	0.19138537248189666	0.2539045011210572	0.291974304661362	
H1	8	0.23242161755241508	0.19402470117375023	0.232313117733033	0.3412405635408017	
H1	9	0.0011825270277486877	0.0012743283619173218	0.4158099483282719	0.5817331962820621	
H1	10	0.2661759516966871	0.1953757457648366	0.2489692517158702	0.2894790508226061	
H1	11	0.2283617882512685	0.18778979333728826	0.2382401119556798	0.34560830645576346	
H1	12	0.00218637219681238	0.0012497243136559567	0.4095755245058741	0.5869883789836576	
H1	13	0.2673120133742766	0.20722666878772386	0.2416779025153727	0.28378341532262685	
H1	14	0.23563539026941352	0.1951624569005643	0.22689409627072005	0.34230805655930213	
H1	15	0.0008748554209655854	0.0009242248555097015	0.4227657951132972	0.5754351246102275	
