H2	1	0.2826180381829407	0.1805667514662132	0.24592079047651866	0.29089441987432746	
H2	2	0.24422505094784222	0.1625703892880397	0.252615364991506	0.34058919477261207	
H2	3	0.0012030539904063964	0.0010926098441983332	0.42918020133831153	0.5685241348270837	
H2	4	0.29806833989626735	0.1852517421821642	0.24173541457305558	0.27494450334851284	
H2	5	0.23776107513676006	0.1824949752155888	0.24280035445830211	0.336943595189349	
H2	6	0.0011625625172554247	0.001706486974402177	0.4286003106483194	0.5685306398600231	
H2	7	0.26223531881237144	0.19190214846625228	0.2531029124965124	0.2927596202248639	
H2	8	0.23295178172616518	0.19394746280853478	0.22982201239981837	0.3432787430654817	
H2	9	0.0012527373579280772	0.0013516327137729413	0.4132400423619058	0.5841555875663932	
H2	10	0.26609944979205813	0.19571381494114617	0.24773371487394166	0.29045302039285403	
H2	11	0.23008810595737045	0.18733448403280742	0.2365211121551113	0.34605629785471087	
H2	12	0.002290290111741853	0.0013156664809275498	0.40748153265929565	0.588912510748035	
H2	13	0.26706945390672715	0.20843040013070402	0.24011641557789465	0.2843837303846742	
H2	14	0.23575111423436493	0.19492401909406293	0.22369276295758958	0.34563210371398256	
H2	15	0.000911647369894981	0.0009994653145751439	0.4252156665893448	0.5728732207261851	
