H3	1	0.28277426470297573	0.17903256865994263	0.24778710170607243	0.29040606493100923	
H3	2	0.24489404648804103	0.16311182357728	0.253324359321637	0.33866977061304193	
H3	3	0.001137626339395717	0.0010008702319131342	0.4275450518666126	0.5703164515620786	
H3	4	0.2987678585311246	0.18469971163567647	0.24279988035487693	0.27373254947832204	
H3	5	0.2378233886638693	0.18350053092993965	0.2425198738719033	0.33615620653428774	
H3	6	0.0010634599163425336	0.0015721775770055476	0.42779211641041287	0.569572246096239	
H3	7	0.2632191766510547	0.19114814328877638	0.2530526353833698	0.2925800446767991	
H3	8	0.2344296159704027	0.19465005966255783	0.23054529074273156	0.34037503362430793	
H3	9	0.0011486383590622428	0.001247746536060976	0.4134511726106788	0.584152442494198	
H3	10	0.26640899168112503	0.1955712104016714	0.248893668502819	0.28912612941438454	
H3	11	0.23011318662060318	0.18902527060861832	0.2366147018556853	0.34424684091509317	
H3	12	0.0021325670222576447	0.0012136751589730925	0.40763259083457365	0.5890211669841956	
H3	13	0.267230187164804	0.20747247418622586	0.24237342342232113	0.282923915226649	
H3	14	0.23726243449965995	0.196969642779494	0.22451268048182574	0.3412552422390203	
H3	15	0.0009066562858773013	0.0009280214864268858	0.4187482364297564	0.5794170857979394	
