H	1	0.2822435481639141	0.18014455426013595	0.2472462628430138	0.29036563473293614	
H	2	0.2439594631733101	0.16291042806839612	0.2531948880525206	0.33993522070577314	
H	3	0.0011692437223003434	0.0010554661488434464	0.42913453245205185	0.5686407576768043	
H	4	0.2983755939893521	0.18519839899378396	0.24223760812910358	0.27418839888776037	
H	5	0.23723910364974177	0.18289687287097983	0.24324426724812515	0.33661975623115326	
H	6	0.0011176561159763538	0.0016581956667269728	0.42886454525558937	0.5683596029617073	
H	7	0.2626118868379512	0.19157622766239127	0.25331547012619815	0.29249641537345933	
H	8	0.2331581668097684	0.1941378620228658	0.23069383002055524	0.34201014114681055	
H	9	0.0012080587617649752	0.001305017238330966	0.4140109316443644	0.5834759923555396	
H	10	0.26619523612192225	0.1955848243006833	0.24835856126280312	0.2898613783145913	
H	11	0.2296103546498733	0.18786818195577207	0.23702531574746044	0.3454961476468942	
H	12	0.002223285673423189	0.0012726902107046273	0.4081046254528412	0.588399398663031	
H	13	0.2671760336188428	0.20786299109417516	0.2410961023528854	0.2838648729340967	
H	14	0.23608168302915372	0.19548216903323493	0.2247868230333282	0.3436493249042832	
H	15	0.0009001381720458426	0.000961220429840505	0.42297573635034774	0.5751629050477659	
