N1	1	0.2877073462433259	0.1878509446801444	0.2636401024430754	0.2608016066334543	
N1	2	0.25178389962277814	0.18199050131342487	0.2518769032490398	0.3143486958147572	
N1	3	0.0010099691089712178	0.0008397138219768994	0.42986401738715363	0.5682862996818983	
N1	4	0.3014392897673347	0.18651462500875052	0.258760554078739	0.2532855311451759	
N1	5	0.24224826295828533	0.19921556887406583	0.24314700475747064	0.3153891634101782	
N1	6	0.0008406773730597904	0.0011668603613810904	0.4316606631150174	0.5663317991505418	
N1	7	0.2667193603428432	0.19490694547310505	0.26473188960704164	0.2736418045770101	
N1	8	0.24361059850891728	0.20462075530088203	0.23218133260539145	0.3195873135848093	
N1	9	0.0008891062883564026	0.0009502708353573143	0.4129459036867015	0.5852147191895848	
N1	10	0.269475158333437	0.2003043397042074	0.26308492944522877	0.26713557251712683	
N1	11	0.2385147119797091	0.20150463109881228	0.23766037731738748	0.3223202796040911	
N1	12	0.0017282754945038418	0.0013556744801023978	0.4099528626620897	0.586963187363304	
N1	13	0.270628570873183	0.21411956755659825	0.25324497821264375	0.26200688335757505	
N1	14	0.24959689002576746	0.21134969334148918	0.22155206546181724	0.31750135117092615	
N1	15	0.0008959768265126694	0.0011119379496562993	0.413031324584876	0.584960760638955	
