N2	1	0.2887883525941648	0.18701579687300857	0.2650088338418401	0.25918701669098654	
N2	2	0.25150389898532743	0.18139515527013284	0.25444480100608907	0.31265614473845066	
N2	3	0.001010429590671567	0.0008112048358862714	0.43194088966573807	0.5662374759077041	
N2	4	0.3009554497358626	0.18582150502394273	0.26192292286043506	0.2513001223797596	
N2	5	0.2411242161062688	0.19933660026166639	0.24611710871640408	0.3134220749156607	
N2	6	0.0008411982812211445	0.0011484482090417963	0.43436141760239716	0.5636489359073399	
N2	7	0.2667500793322565	0.19430436665548212	0.26692394377553913	0.2720216102367223	
N2	8	0.24368723322903094	0.20384098174317677	0.2355576277314356	0.3169141572963567	
N2	9	0.0008767189739348019	0.0009188235936731875	0.41499922618536694	0.5832052312470251	
N2	10	0.26964213024015565	0.1981676687241032	0.2665856437227377	0.2656045573130035	
N2	11	0.23848877578623467	0.19943422120434168	0.24053312576893765	0.321543877240486	
N2	12	0.00170759430784557	0.0015846943367173092	0.4131888088196661	0.583518902535771	
N2	13	0.2700494396021422	0.21295736346398444	0.2549011240470375	0.2620920728868358	
N2	14	0.25250335536429114	0.2092800370130495	0.22529466731172895	0.3129219403109304	
N2	15	0.0008763938417360498	0.0011989249828980462	0.41116453575023604	0.5867601454251299	
