N3	1	0.2884249459997747	0.18803149090122193	0.2651301387452794	0.25841342435372394	
N3	2	0.25180552148227603	0.1823992126327053	0.25388408908564153	0.31191117679937713	
N3	3	0.0009922919413084485	0.0007802432617546404	0.43318334401102115	0.5650441207859157	
N3	4	0.30154197407175326	0.18713123165443066	0.26090822946766473	0.2504185648061513	
N3	5	0.2415039914930797	0.19986056294241958	0.24582267167177363	0.3128127738927271	
N3	6	0.0008221067103205998	0.001129198239148657	0.43537897318827284	0.5626697218622578	
N3	7	0.2668609777305964	0.19478934407445742	0.26708071902786273	0.2712689591670835	
N3	8	0.24403413805361276	0.20449514213978634	0.2347706097631471	0.31670011004345383	
N3	9	0.0008551069254351778	0.0009174840212345236	0.41541178053050853	0.5828156285228218	
N3	10	0.26989432182802015	0.20021921730736417	0.26480743900659987	0.2650790218580158	
N3	11	0.23982516129273215	0.20123508879426968	0.23860326143578697	0.3203364884772112	
N3	12	0.0016750396350978917	0.0014992242998421842	0.4121237438944724	0.5847019921705875	
N3	13	0.2701360261062918	0.21426264837763528	0.2556056746322608	0.2599956508838121	
N3	14	0.24985326889149434	0.21110510752467895	0.22633598890300874	0.31270563468081797	
N3	15	0.0008738925208635778	0.0011393993191587376	0.4156980796940702	0.5822886284659076	
