N	1	0.2881910190644952	0.1877209237240936	0.26444527038567156	0.2596427868257397	
N	2	0.25172740790481196	0.18199064229780298	0.25312615489628343	0.3131557949011016	
N	3	0.0010042134460299583	0.0008135163803401692	0.4314366339652338	0.566745636208396	
N	4	0.3013633278620887	0.18656145821402062	0.26019153754466523	0.25188367637922543	
N	5	0.24174596238372403	0.19945691530688514	0.2447093160589401	0.3140878062504507	
N	6	0.0008346392358575091	0.0011501884554188182	0.43350739453328674	0.5645077777754369	
N	7	0.26677329365858615	0.19473095820775582	0.26600895305998845	0.27248679507366963	
N	8	0.24376843421908506	0.20440182568000348	0.23380735386578377	0.31802238623512763	
N	9	0.0008750184478482241	0.0009322515918002812	0.41423022936759946	0.583962500592752	
N	10	0.2696520819909786	0.19979033486877829	0.2644518862931739	0.26610569684706914	
N	11	0.23894325698760877	0.2009445520053019	0.23862609999164325	0.32148609101544606	
N	12	0.0017059246856178044	0.0014553333288241674	0.4114082676150108	0.5854304743705472	
N	13	0.2703336128646654	0.21390276781849615	0.2544041338555539	0.26135948546128457	
N	14	0.250342687376453	0.21079805918102976	0.2239889405681202	0.3148703128743971	
N	15	0.0008842031015596133	0.0011408189998218879	0.4134909848650582	0.5844839930335602	
