N1	A	571983	612868	686032	608437	612117	2
N1	C	289468	297498	297112	279963	323962	1
N1	D	393508	384244	406702	312614	326552	1
N1	E	346459	362024	354577	294279	224937	1
N1	F	766116	702363	818200	816360	878852	1
N1	G	751728	655204	706689	629228	646949	2
N1	H	387889	326731	366876	326912	437306	1
N1	I	755325	912271	825237	1108418	864930	1
N1	K	453822	410820	312521	313896	321049	1
N1	L	1804103	1536909	1474459	1396086	1479554	3
N1	M	549731	628036	498104	362755	491126	1
N1	N	436691	463200	452535	417909	370490	1
N1	P	416201	407778	451239	381357	362418	2
N1	Q	362670	320910	315287	201866	318883	1
N1	R	891604	1030159	877991	870467	917222	3
N1	S	1026439	1240369	1271525	1157083	1280717	3
N1	T	624310	704129	686417	835745	692815	2
N1	V	1102673	1160091	1420085	1980027	1500347	2
N1	W	678396	506011	498593	468638	603739	1
N1	X	4064	4576	4487	4139	3085	1
N1	Y	776007	722996	664519	623008	732137	1
