N1	1	0.2770098737137662	0.19497367539941	0.2364856805719421	0.2915307703148817	
N1	2	0.23597862962105168	0.16096727904390312	0.23126542335990977	0.37178866797513543	
N1	3	0.0012061972097334962	0.0009754886536426745	0.4534142364282462	0.5444040777083776	
N1	4	0.3045782391417791	0.1892341185465555	0.2370891526124775	0.26909848969918787	
N1	5	0.22358340353301512	0.17921573580233063	0.2282710667944215	0.3689297938702327	
N1	6	0.001498149215482613	0.0012351011304868624	0.4428939561453582	0.5543727935086723	
N1	7	0.26384126235595934	0.18954608670414416	0.2669381643560584	0.27967448658383814	
N1	8	0.21480960718526076	0.1976722709153289	0.21138736803063546	0.37613075386877487	
N1	9	0.0013186760331303164	0.0010729553631598394	0.42079380921336	0.5768145593903499	
N1	10	0.28533039384691544	0.1704644202818289	0.28564729135533024	0.2585578945159254	
N1	11	0.1862229573759781	0.18865738449989533	0.20211817192485249	0.4230014861992741	
N1	12	0.0019310358425795383	0.0012173255926592108	0.39833635903359926	0.598515279531162	
N1	13	0.2656112727382178	0.19416205031717013	0.24728178043969362	0.2929448965049185	
N1	14	0.20420470637985713	0.18530228907849297	0.22101386738418097	0.38947913715746896	
N1	15	0.0012145621687112145	0.0009598790426931822	0.41324555404297514	0.5845800047456204	
