N1	A	0.18502172290750224	0.1982469641140997	0.22191362786949886	0.19681365009217397	0.19800403501672523	
N1	C	0.194534554029797	0.19993104852611185	0.19967164044696145	0.18814679809113288	0.21771595890599682	
N1	D	0.2157839900856538	0.21070398438271132	0.22301905002138603	0.17142496792094844	0.17906800758930042	
N1	E	0.21896243133309232	0.22879952675765797	0.22409301537784812	0.18598461962388357	0.14216040690751802	
N1	F	0.1924000430951023	0.17638930849689255	0.20548026050939114	0.20501816850335683	0.22071221939525718	
N1	G	0.2217618866964934	0.19328703362265245	0.2084752542776885	0.1856240401345449	0.19085178526862073	
N1	H	0.21015661147935163	0.17702146703118685	0.19877185739502437	0.17711953206184708	0.2369305320325901	
N1	I	0.16912100069388142	0.20426198579950075	0.1847746430339478	0.24818026855606615	0.1936621019166039	
N1	K	0.250438715573244	0.22670834188690742	0.1724626788248824	0.17322146362137356	0.17716880009359265	
N1	L	0.23456988203654844	0.19982925743757957	0.19170949424601985	0.1815194189760101	0.19237194730384205	
N1	M	0.21730628140624061	0.24825990848114757	0.1968983520914303	0.14339547908253458	0.19413997893864696	
N1	N	0.20398257681034182	0.21636518631835858	0.21138346198311397	0.1952093235084605	0.17305945137972512	
N1	P	0.2061428642892769	0.20197098256408022	0.22349706016811352	0.18888475591544893	0.17950433706308044	
N1	Q	0.23865897700471697	0.21117835032008087	0.20747807340801888	0.13284013856132076	0.20984446070586255	
N1	R	0.19435751027315218	0.2245606103443683	0.19139006195826302	0.18974993258771825	0.19994188483649825	
N1	S	0.1717563849398934	0.2075537810152485	0.2127671857369975	0.1936173441923063	0.21430530411555432	
N1	T	0.1761887399052214	0.19871474306149772	0.19371617670631955	0.23585856134306557	0.19552177898389578	
N1	V	0.15393531654675555	0.16195098212075765	0.19824665517184095	0.2764156581471776	0.20945138801346824	
N1	W	0.24620805065876647	0.18364492408842784	0.18095273350978833	0.17008126292699693	0.21911302881602046	
N1	X	0.1996953466660115	0.22485381553732003	0.2204805660655496	0.2033806692545821	0.15158960247653677	
N1	Y	0.22054005110458022	0.20547440266441808	0.18885532504212532	0.17705795973304664	0.20807226145582972	
