N2	1	0.2766980680224642	0.19579160863373105	0.23591990092341486	0.2915904224203899	
N2	2	0.23625678812273312	0.16175321389947198	0.23036408422638574	0.3716259137514092	
N2	3	0.0011951558442829758	0.0009760027839934838	0.4521348991591666	0.545693942212557	
N2	4	0.3037479053685621	0.1900676129081417	0.23684757538666845	0.26933690633662777	
N2	5	0.22320399657574447	0.17990640709184594	0.2276553171250611	0.3692342792073485	
N2	6	0.001468016837657498	0.0012605930960877254	0.4428496882514646	0.5544217018147902	
N2	7	0.2631662264056596	0.18953388481121133	0.2666338716091135	0.28066601717401557	
N2	8	0.21463506782324215	0.19714700637360597	0.21108002596677145	0.3771378998363804	
N2	9	0.0013015134260572724	0.00104567317338129	0.419795050880109	0.5778577625204524	
N2	10	0.2846157991101063	0.17080657233413532	0.2832346497832678	0.26134297877249063	
N2	11	0.18603149260342988	0.18887554372667972	0.20213179044875404	0.42296117322113636	
N2	12	0.0019168176118278097	0.0011825446219001197	0.3979584106579116	0.5989422271083604	
N2	13	0.2649718359655659	0.1944542017285841	0.24653775645648285	0.2940362058493671	
N2	14	0.20444528832826078	0.18439688416380584	0.22006997552805524	0.3910878519798781	
N2	15	0.0011863368076516078	0.0009359643576870736	0.4133909310495086	0.5844867677851527	
