N2	A	485541	522276	582273	517644	517629	2
N2	C	244917	248776	248933	236884	273236	1
N2	D	335003	323278	342382	261755	275564	1
N2	E	291850	306342	300876	245826	188976	1
N2	F	652294	598332	703012	706598	747296	1
N2	G	632334	550257	595358	530788	541018	2
N2	H	330660	278931	312678	276761	369270	1
N2	I	642682	774255	701342	933442	734218	1
N2	K	381927	345745	261446	265592	269849	1
N2	L	1525612	1300871	1251079	1192215	1263777	3
N2	M	462925	529842	418473	308132	416965	1
N2	N	370426	390691	380644	352301	314656	1
N2	P	356289	351200	379780	323510	307054	2
N2	Q	307290	270233	264777	170775	269126	1
N2	R	751250	872527	740723	733778	773369	3
N2	S	867561	1045571	1071302	976718	1074370	3
N2	T	532751	597056	581672	708926	583734	2
N2	V	930393	983487	1202501	1655615	1272331	2
N2	W	574383	432167	427702	404359	515639	1
N2	X	3402	3847	3768	3449	2585	1
N2	Y	659617	613423	568386	534039	628445	1
