N3	1	0.2760258071910404	0.19555035590743922	0.23748486124250381	0.29093897565901655	
N3	2	0.23587711983265647	0.16229190978016853	0.23153780984924674	0.37029316053792827	
N3	3	0.0012149763430852343	0.000987484048028489	0.45289314208662135	0.5449043975222649	
N3	4	0.3038800136287748	0.18893723032871634	0.23735896879202975	0.2698237872504791	
N3	5	0.22358284654111704	0.17980853966072435	0.22842614158464336	0.36818247221351524	
N3	6	0.0014516043189900145	0.0012392689489765995	0.44263674851152424	0.5546723782205092	
N3	7	0.26306573655284876	0.18969417685473872	0.2667547521631666	0.2804853344292459	
N3	8	0.21480234989090127	0.19713165921058998	0.2124034031518514	0.37566258774665734	
N3	9	0.0013165761876679245	0.0010579395260837876	0.4208957659648964	0.5767297183213519	
N3	10	0.2837163202225009	0.17113607935750694	0.2831584208034402	0.26198917961655194	
N3	11	0.18635930729668906	0.1893063256769176	0.20355404284675843	0.4207803241796349	
N3	12	0.0019564891052507257	0.0011379459432074863	0.3986738451893823	0.5982317197621595	
N3	13	0.26431511011852094	0.19470987326942002	0.246357960475861	0.29461705613619804	
N3	14	0.2040203086185252	0.18404569612192423	0.22020970401709036	0.3917242912424602	
N3	15	0.001163761162573524	0.0009030482098875613	0.4133378587251393	0.5845953319023997	
