N3	A	619914	663693	743916	661573	658518	2
N3	C	312119	318372	320738	304767	347973	1
N3	D	429572	416347	435748	334976	352026	1
N3	E	375391	391839	385750	315396	240438	1
N3	F	829253	767663	891703	899733	959080	1
N3	G	811012	707869	762652	682870	693985	2
N3	H	420822	354854	399498	352339	471579	1
N3	I	806269	984152	888874	1171908	936316	1
N3	K	485392	440685	333388	337493	341906	1
N3	L	1934280	1647130	1588087	1518891	1623082	3
N3	M	585013	671051	532994	392762	526864	1
N3	N	471068	501527	486613	449364	399649	1
N3	P	455605	445553	483909	411104	390389	2
N3	Q	389769	340955	337876	217210	343054	1
N3	R	967227	1112250	946788	940311	984274	3
N3	S	1106286	1333455	1364225	1251480	1367386	3
N3	T	682954	761985	741413	905459	740394	2
N3	V	1195493	1249815	1526233	2096498	1614620	2
N3	W	733593	553327	552189	517434	657797	1
N3	X	4415	4868	4864	4557	3156	1
N3	Y	833399	781456	721388	682721	796360	1
