N	A	1677438	1798837	2012221	1787654	1788264	2	
N	C	846504	864646	866783	821614	945171	1	
N	D	1158083	1123869	1184832	909345	954142	1	
N	E	1013700	1060205	1041203	855501	654351	1	
N	F	2247663	2068358	2412915	2422691	2585228	1	
N	G	2195074	1913330	2064699	1842886	1881952	2	
N	H	1139371	960516	1079052	956012	1278155	1	
N	I	2204276	2670678	2415453	3213768	2535464	1	
N	K	1321141	1197250	907355	916981	932804	1	
N	L	5263995	4484910	4313625	4107192	4366413	3	
N	M	1597669	1828929	1449571	1063649	1434955	1	
N	N	1278185	1355418	1319792	1219574	1084795	1	
N	P	1228095	1204531	1314928	1115971	1059861	2	
N	Q	1059729	932098	917940	589851	931063	1	
N	R	2610081	3014936	2565502	2544556	2674865	3	
N	S	3000286	3619395	3707052	3385281	3722473	3	
N	T	1840015	2063170	2009502	2450130	2016943	2	
N	V	3228559	3393393	4148819	5732140	4387298	2	
N	W	1986372	1491505	1478484	1390431	1777175	1	
N	X	11881	13291	13119	12145	8826	1	
N	Y	2269023	2117875	1954293	1839768	2156942	1	
