N	1	0.276556695633818	0.19542309563984198	0.23669043180416333	0.29132977692217665	
N	2	0.23602169990225166	0.16168328796886244	0.2311050055089531	0.3711900066199328	
N	3	0.001206239302593209	0.0009800614567655342	0.4528517718306864	0.5449619274099549	
N	4	0.3040804030207926	0.1893658635323895	0.23711874285855766	0.2694349905882602	
N	5	0.22347338568785083	0.17963426881521583	0.22815004211002157	0.3687423033869118	
N	6	0.0014722618180221703	0.0012440164396911617	0.4427862833767707	0.554497438365516	
N	7	0.2633598653908715	0.18959717192183656	0.26678244848685334	0.28026051420043857	
N	8	0.2147564134028688	0.19732086075206878	0.21167313536326737	0.37624959048179507	
N	9	0.0013129341898022915	0.0010595210701344036	0.4205423393007171	0.5770852054393462	
N	10	0.2845282841637093	0.17081116319506262	0.2840310808842964	0.2606294717569317	
N	11	0.18621782833277625	0.18895986140895704	0.2026516742482573	0.4221706360100094	
N	12	0.0019363080021037782	0.0011779830250476459	0.39835143636715653	0.598534272605692	
N	13	0.26494816428000667	0.19444864970345585	0.24672572407349339	0.2938774619430441	
N	14	0.20420633106530123	0.1845767946022597	0.2204440932191698	0.39077278111326924	
N	15	0.0011876570351558376	0.0009319977073361796	0.4133216734710182	0.5845586717864898	
