V1	1	0.2844797192173856	0.18644604215609634	0.24486161848736854	0.28421262013914955	
V1	2	0.2425031840225968	0.16297045218966816	0.25325775202158723	0.3412686117661478	
V1	3	0.0012270934822583722	0.001103824737849814	0.43616987178841077	0.5614992099914811	
V1	4	0.3024734785734127	0.1897205760631652	0.240815117848145	0.2669908275152771	
V1	5	0.23502738319908498	0.18406487907164826	0.24749380430930598	0.3334139334199608	
V1	6	0.0012027521889021442	0.0014617375026861096	0.43713712322399273	0.560198387084419	
V1	7	0.2668529943116968	0.19470640872488715	0.25086741685558467	0.28757318010783145	
V1	8	0.23117052290540901	0.19427975574444445	0.232740561524912	0.3418091598252346	
V1	9	0.0012887782505151485	0.001315135385971271	0.4203385566489931	0.5770575297145205	
V1	10	0.27063108557531934	0.19975130556013598	0.24867468461142425	0.2809429242531204	
V1	11	0.22521920266994255	0.18859492983458404	0.23878934772590837	0.34739651976956504	
V1	12	0.002499140243344395	0.0012642857690014285	0.4123344540071514	0.5839021199805028	
V1	13	0.2710807695517533	0.20906474804191177	0.24205470955142272	0.2777997728549122	
V1	14	0.23556742729764674	0.19484615697846233	0.22961605666612778	0.3399703590577631	
V1	15	0.0008612181411274927	0.0009336876646187054	0.42805091654292754	0.5701541776513263	
