V2	1	0.28444999077831296	0.18443328205071954	0.2511346246416233	0.27998210252934425	
V2	2	0.24566191688135045	0.16816714441723146	0.2514561464776344	0.3347147922237837	
V2	3	0.0010977251386250426	0.0009584432261670408	0.4310178268093192	0.5669260048258887	
V2	4	0.30291581326734196	0.18649853180027995	0.24568742638912663	0.2648982285432515	
V2	5	0.23869557642176603	0.1872484603098844	0.2447490846550872	0.32930687861326235	
V2	6	0.0010318085705313656	0.0013127192701627788	0.4317595412574198	0.5658959309018861	
V2	7	0.26743642456698247	0.19323314389122542	0.25458978543187727	0.28474064610991484	
V2	8	0.23634691604081215	0.19701768344588552	0.2310387446056957	0.3355966559076066	
V2	9	0.0011211428667635857	0.0011408872257823574	0.41445159532635206	0.583286374581102	
V2	10	0.2705006776600741	0.1982418337050494	0.252864169268849	0.2783933193660275	
V2	11	0.23038396656009644	0.19109218192258529	0.23775391845171573	0.34076993306560255	
V2	12	0.0021571349965702467	0.0011799677916954818	0.40832507888177544	0.5883378183299589	
V2	13	0.2708336277555689	0.20868782408235284	0.2453715166448263	0.27510703151725197	
V2	14	0.2407682749475971	0.1988163078201692	0.22618862189220856	0.33422679534002514	
V2	15	0.000881863683822916	0.0009309439767843071	0.41965160644849747	0.5785355858908954	
