V3	1	0.2813836411173474	0.18958338497494645	0.2431946977342611	0.285838276173445	
V3	2	0.23988520807143657	0.16035411391844756	0.25202287575913174	0.34773780225098416	
V3	3	0.0011427256148302909	0.0010744996665427269	0.43642161983510097	0.561361154883526	
V3	4	0.3019381244946499	0.19327702922030018	0.2365300377131323	0.2682548085719176	
V3	5	0.2342858407549709	0.18207658303676294	0.24852257771325034	0.33511499849501586	
V3	6	0.0011134521975719588	0.0013819885857280288	0.43716980352579426	0.5603347556909057	
V3	7	0.2667358959377232	0.1941639075290521	0.2483851224939063	0.29071507403931846	
V3	8	0.22926084621422713	0.19593683788074623	0.22854683451666402	0.34625548138836265	
V3	9	0.0012492548852966	0.0012644817837898451	0.41895052438369423	0.5785357389472193	
V3	10	0.2713803360541086	0.20162254997432674	0.24585710323010912	0.2811400107414555	
V3	11	0.2233470847571664	0.18813747882693863	0.23651805685889152	0.3519973795570035	
V3	12	0.002506536352744678	0.0012179748225003984	0.40986189557180547	0.5864135932529495	
V3	13	0.2711087306786593	0.2111747729244498	0.23846202423319582	0.27925447216369503	
V3	14	0.23404191528414692	0.19342876703435496	0.22564599231572796	0.34688332536577016	
V3	15	0.0008478077397498776	0.0009385789408452699	0.4238945448750863	0.5743190684443186	
