V	1	0.283539047496696	0.1866891302133704	0.24654126756282857	0.283230554727105	
V	2	0.24281450820125236	0.16399067736446407	0.25226043443762514	0.34093437999665843	
V	3	0.001156772514062136	0.001044477244326575	0.4344546325780176	0.5633441176635937	
V	4	0.30246636910075414	0.1896692466262516	0.24122114614986392	0.26664323812313034	
V	5	0.23607964728218933	0.18457405270950555	0.24684885586957106	0.33249744413873406	
V	6	0.0011164973154567256	0.001385974040603891	0.4352776583009942	0.5622198703429452	
V	7	0.2670206119457303	0.1940312758642014	0.2514154355878004	0.2875326766022679	
V	8	0.23239603611885487	0.19572941372948713	0.23088882858742465	0.3409857215642334	
V	9	0.0012186306790712388	0.001239344651757773	0.4178751191829317	0.5796669054862393	
V	10	0.2708108965214873	0.19978889127734079	0.24928432603658227	0.28011588616458966	
V	11	0.22645195948240535	0.18932553300926724	0.23774692700323313	0.34647558050509425	
V	12	0.0023824792848302304	0.001221060314566149	0.410197790241197	0.5861986701594066	
V	13	0.27100326335516095	0.20956776624934456	0.24212809183752607	0.2773008785579684	
V	14	0.23691687839225664	0.19580029878841526	0.22723169513061497	0.3400511276887131	
V	15	0.0008643649955214015	0.0009342037150758297	0.4238823131385519	0.5743191181508509	
