AA_seq baseMean log2FoldChange lfcSE stat pvalue padj
WCFVY 644.118003695819 1.1395288616197 0.0978239535381097 11.6487712917447 2.32791047545154e-31 6.7202119605335e-27
IWRRY 132.248948008545 2.6320568502391 0.166946700470626 15.7658512736057 5.34472941022378e-56 1.5429164861434e-51
TIGGR 1410.42762313235 1.13692387235671 0.0549441367617755 20.6923602655937 4.05852342841129e-95 1.17161454331377e-90
KKLRA 68.0790848640309 1.91726288786694 0.233407782726812 8.21422004642822 2.13547675907313e-16 6.16469430809232e-12
NRYRR 83.0156971489416 2.22151899301396 0.207973088900924 10.681761783479 1.23897677154161e-26 3.57667814408632e-22
IRMRV 76.9836680913434 3.4386927405388 0.254737952743061 13.4989415731357 1.58638823470584e-41 4.57958555594883e-37
RIRKF 254.877187655582 1.60212067343755 0.115196781972486 13.9076860134878 5.68903795768317e-44 1.64231147762398e-39
LIVLR 1967.74973396215 1.04413209240604 0.0596788882116948 17.4958368644915 1.54131757336604e-68 4.44947557079309e-64
RRLRG 140.329176157052 2.39987294856953 0.163881440424431 14.643958109925 1.47241024010012e-48 4.25055388112103e-44
CRRFN 936.030052330216 1.43322100296349 0.0633267877025542 22.6321443888063 2.0918111153032e-113 6.03864032765728e-109
RKLWR 175.978798041935 1.6863271626993 0.135208939698794 12.472009369025 1.06115994496939e-35 3.06335652913765e-31
IILTD 1832.96023255211 2.35722961717104 0.0588632640120931 40.04585299053 0 0
VGSRI 381.328452258031 1.33081832419562 0.0938851445503894 14.1749616573403 1.30914634441301e-45 3.77924366705148e-41
FFRYV 252.557989602347 1.14864203514377 0.143342840794998 8.01325011261985 1.11716122468666e-15 3.22502102342544e-11
WRRIG 234.31202495239 1.36820261191445 0.122461260373042 11.1725341364823 5.55724029004737e-29 1.60426412693088e-24
LLLCY 180.187211805564 1.16463943167418 0.139471118559761 8.3503985893334 6.80329840762901e-17 1.96397618431434e-12
IGSYS 180.963806635037 1.01377136516704 0.131304657024967 7.72075711659091 1.1564072651629e-14 3.33831649307227e-10
SFRRL 112.121498523954 1.63945760027987 0.181382776823215 9.03866193358466 1.58601238018543e-19 4.57850053911931e-15
FRRYY 394.274060618884 2.13682786658213 0.137279350894363 15.5655446551931 1.24803218836741e-54 3.60281932137903e-50
NKVNN 248.984642761017 1.17031334915281 0.109688464302519 10.6694296122618 1.41492265250711e-26 4.08459871325753e-22
VVAMI 832.74592673578 1.4480726975859 0.0752691601091297 19.2385924791295 1.75920834981678e-82 5.07848266425109e-78
KSRRR 1168.84214907085 1.18249463983669 0.0570641421569028 20.722201283344 2.18465613935099e-95 6.30666534307843e-91
PSSTN 2436.57611784602 2.02373254072392 0.0504233544014191 40.1348257121696 0 0
VYTIF 1281.73558853822 2.7575029519474 0.0801506327283829 34.4040072807924 2.19651742749276e-259 6.34090650968609e-255
GKLFD 65.1228495516721 2.11048791205182 0.240352224320624 8.78081290080543 1.62297336257206e-18 4.68519950307301e-14
FYVWS 935.43682325513 1.50368618519468 0.0746921446415094 20.1317848404506 3.8873758663925e-90 1.12220766511019e-85
WLIVF 905.801397254005 1.22583369662405 0.0944519279649983 12.9783872392559 1.62261300704783e-38 4.68415922874568e-34
INRRR 187.914712635863 1.01046970191055 0.131735866537566 7.67042209892324 1.71431259127082e-14 4.94887758848059e-10
NSSFT 126.112777744098 1.22369450464572 0.15463026503482 7.91368044522307 2.49889213008346e-15 7.21380180112492e-11
YLIVM 345.68632769203 1.43132547019106 0.122360657874312 11.6975954122551 1.31116338146605e-31 3.7850664496162e-27
YTIVW 593.271908612715 1.27383807836701 0.0963972876368142 13.2144597591409 7.24042887275421e-40 2.09016700698669e-35
WSRRM 75.9350601374913 3.56960705738882 0.235487842875301 15.1583496362445 6.672498761923e-52 1.92621694259193e-47
SKRVI 103.010633261296 2.01476472129264 0.193504929369421 10.4119555396247 2.18682662700129e-25 6.31293110682733e-21
WFRFF 277.749801189937 1.2675472605545 0.126320840533336 10.0343478970123 1.07668467363399e-23 3.1081733158466e-19
HVKRY 424.581907839055 1.38402824450539 0.0909328991374181 15.220324630955 2.59241477007634e-52 7.48378295825637e-48
KRIRT 105.389371597173 1.55063439929175 0.189920715500557 8.16464067758424 3.2239342071554e-16 9.30685326921622e-12
LIVAL 2392.55216632629 1.10322166328208 0.0604693976734076 18.2442972103101 2.29671663005125e-74 6.63016156763194e-70
LLSWR 706.736915455612 1.24461935234504 0.0809408404762414 15.3769017596299 2.3387410836268e-53 6.75147776021386e-49
MLLVW 177.761183826708 2.19100884332553 0.152527774912354 14.3646548609559 8.62352369055404e-47 2.48943881898914e-42
IIAFW 1553.13802582578 1.81338090997964 0.0626676669663419 28.9364675240516 4.15368535928322e-184 1.19908588951788e-179
FTMFS 311.666676264062 1.04373294712913 0.103461125291495 10.0881654262746 6.23233775203763e-24 1.79915126225822e-19
WRRKV 34.3816101238881 2.49574648794152 0.305541552798759 8.16827192596392 3.12838145652403e-16 9.03101158869357e-12
HNRKM 323.685436936832 1.01764054061673 0.102946202550512 9.88516832485788 4.82769777660611e-23 1.39365979415065e-18
YLVRF 2615.26703001982 1.16723840615376 0.0646894128407002 18.0437316540207 8.8370034698676e-73 2.55106616168138e-68
ERRVR 40.4327732669396 2.82608457855036 0.301455313819003 9.37480432090566 6.93042026123777e-21 2.00067372101412e-16
LIALM 515.598473035187 1.18724761230004 0.104581488423977 11.3523686666889 7.21804056712619e-30 2.08370395091799e-25
YVLWH 311.160914281134 1.07712263174548 0.108600991786651 9.9181657001946 3.47075768456627e-23 1.00193832838059e-18
SQKFA 3769.40399689926 1.01674111374405 0.0453705944432225 22.4096934638231 3.16609303009046e-111 9.13987735926515e-107
RRIRI 151.132378363601 1.50181865417982 0.175405722367617 8.5619706923375 1.10954408476587e-17 3.20303186390212e-13
YAFRR 1752.97607652701 1.2791271474553 0.0501459352937425 25.5080923301657 1.60313806917642e-143 4.62793897809848e-139
SKKFW 877.289636504506 1.9986518074935 0.0701257168610204 28.500982192518 1.13905205340774e-178 3.28821546777747e-174
LLVYV 63.4508505247087 2.16161012715258 0.244172510311144 8.85279888550144 8.535138130314e-19 2.46392367545904e-14
FALVF 1294.96048605338 1.48918051417857 0.0793162595698333 18.7752236710991 1.20439681849451e-78 3.47685273562997e-74
LVVAL 541.965620854384 1.10585254893707 0.10590047413967 10.4423758054056 1.58786168399418e-25 4.58383910935439e-21
GPKRV 134.564966890709 1.1911845650034 0.152041450863539 7.83460403881915 4.70322498499705e-15 1.35772698866895e-10
NDYYV 263.242377232291 2.30405216698157 0.116336915362296 19.8049962026781 2.69583173946128e-87 7.78232706547681e-83
AIFRR 166.462725711067 1.14824030131681 0.138582209965247 8.28562556193007 1.17489882517973e-16 3.39169792852885e-12
LWVML 463.321641082293 1.24970997338958 0.119606534588678 10.448509169564 1.48846542887689e-25 4.29690200008181e-21
FLACV 564.337123185825 1.33587243709176 0.0977283316342006 13.6692442688162 1.5499653827735e-42 4.47444006699053e-38
YRKYE 712.981409104868 1.00227450207534 0.0731341182204964 13.7046090998667 9.52790513687911e-43 2.75051565491426e-38
DDLSS 570.566261828558 1.05299892532204 0.0753379699790601 13.9770015785495 2.15372307306254e-44 6.21736776731694e-40
LFLYF 124.706776475228 2.26427403163335 0.180561126449856 12.5402077188645 4.49814960042365e-36 1.2985258266503e-31
RKLKI 1440.77129894914 1.14659221756362 0.0653727203923859 17.5393070791828 7.1797494757117e-69 2.07265007864845e-64
AKRYS 1026.27411641611 1.69065780372541 0.0612966924011844 27.5815502843143 1.85244027760931e-167 5.34762459340256e-163
YELFA 287.07647294729 1.38994850748761 0.124057154045791 11.204097967414 3.89299096059572e-29 1.12382863050477e-24
VRRRK 191.939681367454 1.08753847557071 0.131462616654729 8.27260633665161 1.31061880562332e-16 3.78349436807341e-12
VHRRF 1142.53046275602 2.90048222594444 0.0678671148713847 42.7376680361491 0 0
AFRYV 347.58537776603 1.24529424393744 0.121060650540838 10.2865319025967 8.1042943721722e-25 2.33954769935867e-20
MLAFL 179.688148610759 1.8597008650468 0.150702301655387 12.3402286801127 5.49994496555874e-35 1.5877241126575e-30
FAMRL 1005.81145595467 1.24972789039828 0.0662385129949193 18.8670885545716 2.12698798141099e-79 6.14018890473725e-75
GMRRF 83.4460333241351 1.53602526790317 0.190475597332486 8.06415776831483 7.37424764846034e-16 2.12879781115753e-11
MYCGA 1356.57177272931 1.01539613220033 0.0611904489457278 16.5940297823427 7.69776506212707e-62 2.22219081813484e-57
FVLIF 451.741853676071 1.06565308425122 0.12515397305987 8.51473635392654 1.66969740729867e-17 4.82008247538979e-13
TWYQM 346.957111111904 1.04405868256727 0.106048157156912 9.84513744093119 7.19408313994268e-23 2.07678792083865e-18
YRRSR 45.9571111155306 2.21318439646108 0.268694265444957 8.23681291744749 1.7685871034379e-16 5.10555725020452e-12
FCMWS 354.87716375069 1.21304031417102 0.105262595387844 11.5239445664581 9.99292202181616e-31 2.88475672925789e-26
RRLRF 157.659954604642 1.60969728197084 0.14981762104441 10.7443788704513 6.29844283357857e-27 1.81823447719746e-22
VRRFR 43.7720680662131 3.38158407668031 0.303651702377636 11.1363909709777 8.34322104632989e-29 2.40852105165451e-24
SERRV 418.945182457084 1.27175560219395 0.090490307947467 14.0540532023855 7.27483368827386e-45 2.1000989891309e-40
LYCFV 304.893457042195 1.65246097986318 0.123739852554945 13.3543150872063 1.11781541539409e-40 3.22690954115965e-36
TKRSR 315.748090024933 1.88752980929235 0.112474992982723 16.7817730789483 3.31780196458037e-63 9.57783071135062e-59
SKRLQ 137.812578942922 1.6332947553347 0.15443557732539 10.5758969767271 3.85471107769115e-26 1.11277799390788e-21
LVWLL 288.603243259836 1.10138550842191 0.13840637749382 7.95762108918063 1.75378457989391e-15 5.06282532523775e-11
ARRVV 43.589253917042 2.74119984690271 0.297291909493389 9.22056658579763 2.95534431895378e-20 8.53148797995577e-16
LLAWR 80.8815340388609 2.56648821611789 0.218047573800325 11.7703131082217 5.5518071588918e-32 1.60269569062889e-27
YPSYF 579.228984482498 1.68368873092623 0.0833445055519917 20.2015564166484 9.48599120568457e-91 2.73841594125702e-86
MLVAL 359.618783398842 1.45910347861546 0.123162698918463 11.8469592776741 2.23141512956815e-32 6.44164919603732e-28
LARRF 127.026453124541 3.36904294085272 0.185580637505388 18.1540649183021 1.19241162534506e-73 3.44225388004613e-69
LVLAY 132.521298879156 2.14731072931986 0.170908683320003 12.5640821028345 3.32713901465177e-36 9.60478490749673e-32
KVVKY 457.873086842186 1.01181922271116 0.113625385752876 8.90486941810492 5.34489271621083e-19 1.54296362931574e-14
LLCSL 971.339477857382 1.21242816053253 0.0703774696507882 17.227504292902 1.65123585631629e-66 4.76678767001387e-62
GINSY 14005.4406186099 1.01046514816981 0.048098228706209 21.0083650760171 5.49958374489747e-98 1.587619835477e-93
MLLAF 108.494702280819 2.27508651439472 0.195267817096801 11.6511084530989 2.26493377820369e-31 6.53841083091841e-27
RKFIL 721.977648360359 1.13496474622269 0.0772598021200784 14.6902362558308 7.44537581397945e-49 2.14933108997959e-44
RPKRS 1855.88540995728 1.28236304982025 0.0486730915065248 26.3464474954986 5.6367695337193e-153 1.62722262899409e-148
GVVRI 265.346629145262 1.12313295004374 0.117642409392834 9.54700737463939 1.3349679375493e-21 3.85378544211733e-17
SRKCS 231.544376059384 1.07165523066522 0.122158273546421 8.77267826037165 1.74466009682935e-18 5.03648476752697e-14
YIVFI 2008.53771233971 1.1439312022034 0.0614425084219114 18.6179117940349 2.30009971030005e-77 6.63992784369418e-73
GKGES 699.224173865937 1.17011780431438 0.0743066358136218 15.7471508634747 7.18461126585414e-56 2.07405358022677e-51
HYKRL 350.580301605864 3.19315993444929 0.110121813501084 28.9966159558192 7.2588212410536e-185 2.09547651586735e-180
ILLVW 3131.72324943198 2.27514469339303 0.063396936154103 35.8872972640616 4.82106114514866e-282 1.39174393138152e-277
MTRRV 105.338338649536 2.4110401705276 0.183560075733507 13.1348832849031 2.07811599387691e-39 5.99910525112386e-35
LAMIY 185.24203494863 2.18639781708015 0.153306561607337 14.2616062493148 3.79615194032417e-46 1.09587314213278e-41
RSIKF 1047.98796293227 1.02081968295661 0.0697985750699871 14.6252223907585 1.93936150998413e-48 5.59854880702217e-44
VSMSI 791.843930326613 1.01143815551538 0.0672251325785052 15.0455360476117 3.69329770200709e-51 1.06618118061541e-46
QFILH 231.780897426859 1.16372352108639 0.147920915947246 7.86720061618208 3.62664824185811e-15 1.0469408144596e-10
VLVVW 1141.21009698503 2.25973135865034 0.103870874797422 21.7551971431594 6.168079560175e-105 1.78060120743132e-100
RLVFW 1056.01161185389 1.07783724622715 0.0816490390109606 13.2008564862896 8.67431437574273e-40 2.50410107398941e-35
SVLRD 172.160500385816 2.34237197648136 0.144108744761246 16.2541973449433 2.08582077397558e-59 6.02134741031272e-55
RSFRS 743.541062750744 1.11747774484935 0.0707253554952705 15.800242176571 3.09923672998376e-56 8.94687659211712e-52
RRRVT 236.2864392943 1.41833842864437 0.126176665610545 11.2408932490116 2.56770951493875e-29 7.41246382772518e-25
HYVYI 288.220845666598 1.15668912213399 0.127743138241857 9.05480433668401 1.36812848506853e-19 3.94951331069583e-15
RIVRR 293.44146575804 1.10457094807236 0.110047284968918 10.0372394319799 1.04559391022872e-23 3.01842050004825e-19
THTSD 55.5394093533535 2.02899297571485 0.244449755057397 8.30024548496046 1.03896488596099e-16 2.99928383279218e-12
YYAYA 342.382186458519 1.25802662467974 0.109383107423736 11.5011051917395 1.30237019018635e-30 3.75968226502996e-26
REKKL 469.629842939888 1.48893384013603 0.0917359285849996 16.2306509903198 3.06194767584443e-59 8.83923055062769e-55
VFCKR 53.760671688893 2.18492592262074 0.246782031378616 8.85366698059389 8.46898268904328e-19 2.44482592267301e-14
MLAYR 180.46704182434 2.01551823184411 0.143730766352906 14.0228726457588 1.12948529739583e-44 3.26059815652229e-40
NRRMA 1438.16916045836 1.21826334098515 0.0562748708470495 21.6484431265297 6.28683255545224e-104 1.81488282210795e-99
FVRRS 122.429875164856 1.35339544077246 0.17590689671153 7.69381682056439 1.42809472063284e-14 4.12262383952288e-10
YIARR 74.9760894580113 1.60356619549018 0.206028479209531 7.78322589984928 7.06982295314294e-15 2.0409164901133e-10
SRRVV 47.5022488567949 2.54635241139555 0.262297268038304 9.70788765906516 2.79060238307198e-22 8.05591095945219e-18
RRFLG 480.763817649421 2.63591180419317 0.0892170570816078 29.5449310974478 7.62944568287457e-192 2.20246837973223e-187
ISKRK 80.4176676117144 2.24623952580179 0.191141766039251 11.7516938989699 6.92172558731683e-32 1.99816374254662e-27
ARRYR 120.116215718324 3.49116366598705 0.194178945487035 17.979105083873 2.84040103080168e-72 8.19966969571829e-68
DGFTN 1275.72432399345 1.02978864491573 0.0595666967681165 17.2879931369123 5.79343834448834e-67 1.67244978128689e-62
KSVRR 698.616793006349 1.84449555183675 0.0759531420514836 24.2846510627103 2.84794900824709e-130 8.22145919700769e-126
KRFSK 603.57624130798 1.46319077214486 0.0781141405726363 18.7314455669429 2.74364036708348e-78 7.9203410116966e-74
RLCFN 575.616456196972 1.1962079267898 0.0775597849876181 15.4230433591425 1.14575287694587e-53 3.30755940516734e-49
WYRSL 118.815459493839 1.40610373376472 0.172083365084964 8.17106135198178 3.05688121699252e-16 8.824604697214e-12
VFVRV 362.018387415001 1.00820867981692 0.129676224522662 7.77481518704093 7.55576354172327e-15 2.18119781922467e-10
SRKIR 37.6580734193355 2.34377681095936 0.30338170651426 7.72550473754156 1.1141099755259e-14 3.21621267734816e-10
SLFAI 1806.19444540948 1.05233692720782 0.069444027796832 15.1537426700907 7.15720245824969e-52 2.06614120564752e-47
LFVLV 584.870323214806 1.72556477742413 0.0948470156860514 18.1931372847391 5.84940646522283e-74 1.68860665838053e-69
MLVAY 135.634218201333 1.50697647314301 0.193944286412626 7.77015142347037 7.83923551968433e-15 2.26303050982247e-10
IRRYC 372.460675092135 1.1902930369112 0.0991977562786134 11.9991931427165 3.58776895017136e-33 1.03571714053547e-28
GTYMA 203.311970502639 1.01776693901833 0.12285097273651 8.28456557036164 1.1854099056719e-16 3.42204131569364e-12
WHRRT 59.2558244910438 1.86172027672348 0.227937269637749 8.16768701179159 3.14358208255973e-16 9.07489275593344e-12
WWARR 81.8466618904156 2.55597060684469 0.198817740394224 12.855847781876 7.97467264827966e-38 2.30212850010537e-33
KSCLS 106.214652758953 1.3324795187318 0.167907548812298 7.93579281072923 2.0915491826818e-15 6.03788418056581e-11
GRCFT 289.311552149031 1.33948940581217 0.113043284736515 11.8493496445569 2.1686732224018e-32 6.2605258584295e-28
VGQEQ 496.101063778696 1.02571286088278 0.0856937964376301 11.9695112542869 5.13300946289192e-33 1.48179717174764e-28
FYVCL 863.837260852348 1.01139851006875 0.0833501247811013 12.1343370837769 6.94703159697882e-34 2.00546908141585e-29
MLVLG 49.871610195569 3.08108857256069 0.291156411673032 10.5822453122576 3.60220714360193e-26 1.039885158215e-21
VLLVY 270.90288434248 1.60355585498869 0.132214896610863 12.1284053165984 7.46897265880607e-34 2.15614302714414e-29
ECIIN 146.009380391627 2.02365610575488 0.166653756953052 12.142877200932 6.25859064852525e-34 1.80672994841627e-29
LKKRV 392.310402509494 1.08838048671128 0.0937397532881749 11.6106608832794 3.6379288908078e-31 1.05019731219839e-26
VIKYH 1202.98712715781 1.01742809525601 0.0668355546927154 15.2228570546583 2.4939737030546e-52 7.19960328597803e-48
LVMLM 625.187708872065 1.15291828960921 0.0986444423599125 11.6876152576613 1.47469372005976e-31 4.25714583106851e-27
CTYFA 94.1852594135186 1.88941070543338 0.192954497711817 9.79200136736517 1.21859552135454e-22 3.51784155104629e-18
VRRFW 1132.91974094572 2.54774589100496 0.0649786909438626 39.2089445631653 0 0
LLVFL 235.554417375189 1.54416936873003 0.157010264056767 9.8348307227337 7.97015293472249e-23 2.30082374919569e-18
RRLII 371.484250818027 1.30000131442119 0.121004726538377 10.7433928542361 6.36609548879522e-27 1.83776444570541e-22
KGRRL 74.4371894967461 1.71124077225764 0.204802992386943 8.35554574820139 6.51308863836724e-17 1.88019842812385e-12
RRLMS 950.052551829244 1.51499379593631 0.065632637369919 23.0829333795851 6.87149237384177e-118 1.98366241848064e-113
LTAWR 108.034800185169 1.9609433865126 0.173707813732861 11.288745994629 1.49149382418933e-29 4.30564437166976e-25
KRVRF 87.3006228035329 1.91063204710239 0.201079837485274 9.50185792368321 2.06178351517341e-21 5.95195665160259e-17
YFVLI 100.844590903259 1.63977677007536 0.208326169925142 7.87119914250132 3.51257985757095e-15 1.01401155328358e-10
VNRRR 267.422452301149 1.05676961122858 0.10830717746118 9.75715216664519 1.71914910531598e-22 4.96283963722617e-18
RMRRA 48.4888586040551 2.57593657682744 0.264593502131698 9.73544911751195 2.12875246620826e-22 6.14528261945001e-18
SKRFT 242.290622107901 2.24412444680311 0.122466455621408 18.3244010404007 5.28601186756698e-75 1.52596590592924e-70
ISRKL 41.0851391753489 2.19323646588166 0.263826440797446 8.31317914630678 9.31717023458541e-17 2.68968070332012e-12
MFIVL 177.773541818262 1.59298827195077 0.170287011827605 9.35472561796715 8.38169815536378e-21 2.41962862349042e-16
RRMTR 26.0107943755359 3.11624147803594 0.393154428404038 7.92625302654212 2.2585716525118e-15 6.52004464647106e-11
RRKRC 1571.43265583596 1.14897246256747 0.0539683221544864 21.2897569666608 1.41258562625492e-100 4.07785218587271e-96
DIYAF 2096.54450553597 1.10603629860965 0.0478533505661537 23.1130377606608 3.42373568453291e-118 9.88364017410959e-114
YYVFW 917.889108448265 1.77487698527976 0.0797235463308396 22.2628955555278 8.46026647782437e-110 2.44230972681834e-105
PWEHT 422.037899731229 2.18181744883808 0.0996804590300706 21.8881159865033 3.37163380070956e-106 9.73323245588837e-102
YRRAK 205.722575903983 3.6703303044493 0.1502158375512 24.4337106145569 7.49849171617577e-132 2.16466458862562e-127
YLAAL 334.07480741392 1.14201161742147 0.110800156436469 10.3069495039593 6.55489552394932e-25 1.89226723985369e-20
ILIIF 309.628735087331 1.11670610265351 0.143964846253566 7.75679710508388 8.71011091924075e-15 2.51443482016642e-10
VCCSV 1949.432420531 1.02871553750585 0.0562369564816057 18.2925179786771 9.49271826531572e-75 2.74035790883134e-70
WLALL 365.173033953913 1.34487292181887 0.106725593202204 12.6012222698154 2.07897594810841e-36 6.00158776699937e-32
AYSRT 347.555197328754 1.03475489557257 0.101528935103363 10.1917241081976 2.15900788118779e-24 6.23262395141291e-20
LVLVL 421.884251511494 1.01335409737052 0.123539531324746 8.2026707281796 2.3510450154089e-16 6.78699675048243e-12
TCRRA 721.845619701563 1.37080854732621 0.0714712655690306 19.1798555183301 5.45316808841724e-82 1.57422056376429e-77
RWRRL 44.2497612171656 2.8711221975192 0.271118397205657 10.5899202234561 3.31874568062593e-26 9.58055503083093e-22
SNNYD 4892.7280535213 1.07340903077303 0.042406856977511 25.3121572141569 2.34718280714543e-141 6.77584732766743e-137
KRFVR 578.424873393039 2.67459786538243 0.0920897908746076 29.0433699542683 1.86602304754542e-185 5.38683533365413e-181
FWRRH 153.538545498318 1.70125639618138 0.149388920453743 11.3881028861719 4.79311769810925e-30 1.38367721709018e-25
LSRRF 39.6047078933815 2.68717375377892 0.322983660155152 8.31984426855551 8.80789622443525e-17 2.54266348206997e-12
LLLVY 108.912100103426 1.72656056352643 0.21859707234089 7.89837002406858 2.82574230967376e-15 8.15735289956621e-11
TNKRL 474.918509480467 1.59362195994182 0.0846878196311856 18.817605257545 5.41785467572526e-79 1.56402628778837e-74
YLVFY 424.301170556894 1.31644105876671 0.118609135343308 11.0989853771073 1.26876012981897e-28 3.66265674276139e-24
FLLAK 560.015889215065 1.80948319325679 0.0960416002134818 18.8406189529814 3.50838924951092e-79 1.01280180854881e-74
VNRRY 252.468417989967 2.34674487984158 0.115802445979598 20.2650717779745 2.61578919214602e-91 7.55126023988712e-87
RARRL 936.756225964363 3.31990772889698 0.0791096569226069 41.965897186798 0 0
MCCCA 97.5642359076504 2.18164801328173 0.215479661431811 10.1246122199432 4.29678516860329e-24 1.2403959424724e-19
FVYLI 427.925214749739 1.10205238380037 0.120298005619885 9.16101957070361 5.14092706642703e-20 1.48408282553616e-15
KRVSS 310.958764663872 1.49379180341112 0.105793670328041 14.1198599006842 2.86560448791905e-45 8.27242703572471e-41
HLLRR 630.695702339772 1.05242175214346 0.0783434683249257 13.4334332477928 3.85133445044717e-41 1.11180322915509e-36
LRHRR 413.739906344017 1.01878079780757 0.0950014537294275 10.7238442972583 7.866427368987e-27 2.27088025287917e-22
LQVPV 472.311304285129 1.01018460592892 0.0951499136633908 10.6167684975797 2.49033318480701e-26 7.18909383790087e-22
FQRCR 814.384426506179 1.21757322784361 0.0748079899492718 16.2759783904 1.46164516232729e-59 4.21947725460643e-55
IRKVR 279.346819469648 1.38830521842222 0.129912456752182 10.686467280582 1.17771811277887e-26 3.39983664797005e-22
QRRIR 65.6391323160995 2.97327930383828 0.229263388589135 12.9688360716273 1.83800116461829e-38 5.30594176202008e-34
ISKRL 795.779487141759 2.37046488737968 0.0784268782121069 30.2251593002174 1.10664573322001e-200 3.19466490265953e-196
KLVWT 376.679438007009 1.03266540157632 0.111557160138331 9.25682762357711 2.10596229366132e-20 6.07949194934149e-16
RRRML 935.684478394299 1.03653492759981 0.0697954153738868 14.8510460471823 6.84915221180834e-50 1.97721326050483e-45
RGPWC 123.245958382034 2.14957273394021 0.169640543077988 12.6713384367792 8.52473210774394e-37 2.46091966486352e-32
WILAM 268.04464534732 2.31015674736788 0.128617614790494 17.9614335962528 3.90588354618793e-72 1.12755046211353e-67
WWVLT 239.286411104116 1.26911923072533 0.142305971078862 8.91824300205939 4.73744015544113e-19 1.36760422407275e-14
KNSPG 196.251616967975 1.04671269278104 0.125986291673441 8.30814748872947 9.72076612680073e-17 2.80619076548483e-12
GARKK 662.086858670087 1.26318854104528 0.114665984856507 11.0162446398209 3.19095555648128e-28 9.21165050045015e-24
FGQFR 559.805566187337 2.20647881435054 0.0856464356130141 25.7626461458399 2.32620305406369e-146 6.71528297647107e-142
YFDHV 494.03509893744 1.04696860837897 0.110002041081587 9.51771983578419 1.7702043628553e-21 5.11022595469067e-17
RLRRK 62.5878725232139 1.97991771809723 0.239372365285094 8.27128777266805 1.32519754463495e-16 3.82558027185218e-12
YCRGH 153.848197865923 1.14475270341309 0.139146776234617 8.22694376679565 1.92050562669841e-16 5.54411564315298e-12
WAMAW 251.740853598598 1.8812084027764 0.126146872964988 14.9128421383742 2.71926917428508e-50 7.84998625232618e-46
YFVYK 110.167283306078 1.5277854423562 0.180326466755336 8.47233060041635 2.40531321069235e-17 6.94365817662666e-13
YFAWF 715.315567094589 1.91383180523522 0.0822900460250744 23.25714831478 1.20431144286718e-119 3.47660627326897e-115
HRVNR 86.4352875453364 1.76197651434173 0.200829389313916 8.77349933872274 1.73197963750749e-18 4.99987881755661e-14
YFRKA 78.1023651881165 2.23318702905419 0.216524251836922 10.3137963073815 6.10413833369685e-25 1.76214265417161e-20
VSSDP 317.689015328475 1.00240228453295 0.109180267262955 9.18116716199932 4.26443844079212e-20 1.23105808908787e-15
KRVTA 189.169870880644 1.4742622518316 0.130183983840008 11.324451813085 9.92981176225363e-30 2.86653805952738e-25
WLAYL 60.7452375618316 2.14904336710148 0.244905783250849 8.77498007019412 1.70934135769005e-18 4.93452663137964e-14
NRAVR 1654.90228219062 1.07229220982849 0.0537537297417383 19.948238289331 1.55263451999214e-88 4.4821453323133e-84
LKRLL 221.024135044647 1.53670304742511 0.122503140952885 12.5441930343331 4.27749540190444e-36 1.23482737262177e-31
IRRFC 141.195160718609 1.49875757952512 0.150491037592349 9.95911519717847 2.30101389750119e-23 6.64256691930644e-19
RRLVR 47.0339094902114 3.39783570789693 0.304772926467404 11.1487452224872 7.26232268607102e-29 2.09648731301498e-24
KCMRR 207.875429951389 1.07578066804192 0.126863699674761 8.47981472083731 2.25552832270154e-17 6.51125916197479e-13
RKRVM 183.446310361828 1.5779775988207 0.147882470851218 10.6704844038498 1.39895159433135e-26 4.03849346251573e-22
LLFVF 105.712992296267 2.58944361250294 0.20345202149032 12.7275393654722 4.15735526733848e-37 1.20014531857527e-32
VGRRM 467.152502362836 1.09442212109502 0.0890446730109979 12.2907085184068 1.01611508190681e-34 2.93332101844859e-30
WFRVV 286.976164164686 1.15293938384939 0.144762589069683 7.96434625312217 1.66099555322614e-15 4.79496196305321e-11
RRRIM 463.496771483796 1.08652999037996 0.10267946390345 10.581765321658 3.62071166509273e-26 1.04522704347897e-21
MVLVW 711.438862080768 1.69729377673863 0.0906111957525984 18.7316121660381 2.73506756633912e-78 7.89559305050776e-74
FTKKI 26.1670215134485 3.32532891719513 0.394352572575231 8.43237536268577 3.38718469119073e-17 9.77812476652941e-13
YSLAM 171.376080500253 1.40362610571328 0.158770217691276 8.84061334753972 9.51945579612783e-19 2.74807649922618e-14
FKIFR 210.153430082271 1.5702693913782 0.131455381451089 11.9452651846167 6.87307828162535e-33 1.98412023833961e-28
VYLFG 550.392102785273 1.2386048893645 0.0839548718991417 14.7532223127264 2.93318721485953e-49 8.4675248518565e-45
LLLVL 95.7737513316364 2.00588116289924 0.221737721526737 9.04618821321012 1.48046169441295e-19 4.27379681943131e-15
RRVAR 32.8836696566637 2.43104547682548 0.314169725937037 7.7380004377401 1.00992500325828e-14 2.91545149940601e-10
NLAWL 302.762430767168 1.37247750861663 0.117258219503445 11.7047445750813 1.20521610110486e-31 3.4792178406695e-27
IEGSG 252.471745021262 1.60199891991431 0.120664067710031 13.2765200968036 3.16776855047297e-40 9.14471425150536e-36
KRVMA 144.079320088819 1.55576425921867 0.148102336970225 10.5046570570419 8.22210995760405e-26 2.37355870256114e-21
RIRKI 266.529159404428 1.05918557579782 0.117082002964657 9.04652763856069 1.47586871600612e-19 4.26053780936647e-15
WMSFM 1685.21185640378 1.1188288345133 0.0553139021718502 20.2269012053661 5.67597863775205e-91 1.63854151314626e-86
FCMRV 1809.20117530268 1.05611603445312 0.0605636517950287 17.4381168101857 4.23810265155719e-68 1.22345547345153e-63
VYSMP 978.957043080893 1.12586892302238 0.0577921785463061 19.4813372906555 1.580957130948e-84 4.56390704562068e-80
WVNAL 226.000254184887 1.00021861503675 0.12602502212315 7.93666684747217 2.07686923879325e-15 5.99550611854837e-11
YFLYI 254.643358444318 1.4838936662248 0.150342365236922 9.87009658845231 5.6110554296991e-23 1.61979948144554e-18
KKLWR 61.3185834336578 1.76317357828176 0.228522340301429 7.71554140376852 1.20469743907138e-14 3.47772056711126e-10
DRRFR 27.9510310005899 2.6780759338261 0.35058650883566 7.63884481100062 2.19179292457804e-14 6.32726781467189e-10
RQRRF 135.680057462696 2.4947865583594 0.164057074963966 15.2068209122183 3.18645716621013e-52 9.1986645474154e-48
RFRRC 132.625027654481 1.78730147614598 0.164227026455221 10.8831141543765 1.38740506802188e-27 4.00516095036556e-23
QHNTF 309.579174158906 2.33365141599206 0.109573110023432 21.2976652345911 1.19322014953734e-100 3.44458792768439e-96
VFVYA 557.433517816013 1.18461556440479 0.0875739756637231 13.527027355177 1.08315803521097e-41 3.12686061604704e-37
VIHCG 127.629214069974 1.35845092927005 0.153979358970102 8.82229240565822 1.12139961447752e-18 3.23725640707372e-14
AFAYL 180.10040311774 1.56083406986907 0.16306743492663 9.57170921693441 1.05152674651214e-21 3.03554741183123e-17
LYSVW 25646.2062978745 1.13335064355881 0.0425341518331502 26.645662243475 2.00931736582135e-156 5.80049737165308e-152
LVRRA 351.486462979239 1.51446364815962 0.102787706706504 14.733898602135 3.90512103448026e-49 1.12733034023376e-44
QSRRI 122.470191607321 1.90301621381915 0.175133447429955 10.8660923526916 1.67210004308239e-27 4.82701840437024e-23
AARRV 70.443943482031 1.95553637126458 0.22397774920966 8.73094036423256 2.52563830733455e-18 7.29101266561339e-14
AYFEL 122.252464627612 1.2456613333152 0.154475029201771 8.06383620545008 7.39368087851664e-16 2.13440779601018e-11
WRMIL 10051.9683536026 1.15891560617698 0.0358836268044206 32.2965014794494 7.83245265407696e-229 2.26107243217894e-224
YICYI 267.561246754867 1.35451064247751 0.138727792419475 9.76380160639937 1.61004173658848e-22 4.64786848518362e-18
VFCWN 473.501680144034 1.61444152956896 0.0934018384893654 17.284900979254 6.11262360801795e-67 1.76459218316262e-62
WTLAY 294.967497427225 1.37419407697284 0.129008142822668 10.6519948811431 1.70667895098196e-26 4.92684079569472e-22
WWRKF 163.531606726915 3.66756675940489 0.217016208533619 16.8999669848934 4.50158575541686e-64 1.29951777587374e-59
NKKIS 985.952724840375 1.0214949030699 0.0633809827329101 16.1167413161534 1.9460402236156e-58 5.61782891753352e-54
NTKRI 1837.32462961909 1.62872657618409 0.0546463003046252 29.8048828027657 3.37699935186634e-195 9.74872172896774e-191
RRRLL 459.90956913873 1.37651185855475 0.0873996433100874 15.7496278751504 6.90866504272453e-56 1.99439342453372e-51
AKRKF 130.440467064438 1.68212808434042 0.156173941513831 10.7708627190628 4.72552270474019e-27 1.3641638944044e-22
SRRVK 202.369010478257 3.70757419234919 0.147968929754058 25.0564371757748 1.48544179636699e-138 4.28817337775221e-134
WERRR 1805.03328740604 2.19952114187952 0.05847550760508 37.614400147395 0 0
VLARL 101.422971541745 1.63352809738105 0.178282569063673 9.1625788542325 5.06716364647716e-20 1.46278880146503e-15
TNRRI 79.1017283930212 1.84390628510269 0.21695457156635 8.49904324112746 1.91159691122727e-17 5.51839796333089e-13
VMLML 3029.90068445252 1.18621689412512 0.0468823533440699 25.3019912507265 3.03705122949408e-141 8.76735948930352e-137
MMLVM 4751.21721888546 1.60975994649336 0.0516044362222812 31.1942163181373 1.27635691760952e-213 3.68458714975515e-209
YTYVW 2756.85342466798 1.18021051079099 0.0548201813286708 21.5287597046627 8.37449077894165e-103 2.41754799806487e-98
HLAWR 1050.19473407247 1.61729012189337 0.0660269697287201 24.4943865898768 1.69528335047912e-132 4.89394397616312e-128
LLAYL 230.221915680618 2.05839552451991 0.131590725194917 15.642405811435 3.74314990895634e-55 1.08057251571752e-50
IRLVY 556.86793443303 1.05883613254427 0.107242792243695 9.87326150682655 5.43674989674555e-23 1.56948096019251e-18
IHRRV 31.444503474145 2.88455583410037 0.338204294599953 8.52903372357347 1.47575166335068e-17 4.26019990176073e-13
AEHES 63.5985435573731 2.05952895315905 0.229174900083708 8.98671256061111 2.54735743594356e-19 7.35371144608187e-15
SAWPW 959.363009432972 1.00600439603455 0.0625337826244646 16.0873747567124 3.12823413356504e-58 9.03058629677554e-54
FSRQF 92.2254115565734 1.60521025863791 0.182267675540763 8.8068839078321 1.28672836270535e-18 3.7145274374578e-14
WLRRV 45.0361562717654 3.92869854828124 0.347228191766354 11.3144572976517 1.11288814519733e-29 3.21268549755566e-25
YAYLV 226.531299743981 1.2250341428392 0.156807229068374 7.81235756870004 5.61280560719952e-15 1.62030472268636e-10
IYRRI 76.4836162694851 3.53069201691904 0.231150980913131 15.2743977246885 1.1326967272376e-52 3.2698689121895e-48
WWRRA 54.0282533111389 3.39822376618839 0.28343441961093 11.9894534010835 4.0355930628168e-33 1.16499500537395e-28
VEKRV 266.323845438095 1.42572304361476 0.11034929747721 12.9200917106809 3.46727947336797e-38 1.00093423837187e-33
RRRRF 1347.47608004785 2.14530844611911 0.115729280327865 18.5373005002828 1.03277218689075e-76 2.98140674911623e-72
FRRFS 717.477397864804 2.52346516183305 0.0755705699894314 33.3921679059183 1.78125184590591e-244 5.14211782876118e-240
DRRGR 472.405273529459 1.33129675422707 0.0890598720643478 14.948334456007 1.59693422906411e-50 4.61002973246226e-46
YFRRF 61.9847640968956 3.53458100017367 0.265368390902125 13.3195253140655 1.78237132205328e-40 5.14534953250342e-36
KRYRS 292.117103737925 2.2731320687136 0.112060124493558 20.284932566216 1.74702346073539e-91 5.04330732645092e-87
LRLFL 641.042128884718 2.36342391763547 0.0800333211330691 29.5304990993173 1.16906680854765e-191 3.37486206291534e-187
DIFTG 430.195065660357 1.18221061820008 0.10062279190431 11.7489347674266 7.15146544353727e-32 2.06448504424034e-27
RKRVV 1324.14585659693 1.37733300934785 0.0597070697295534 23.0681729246897 9.66609355433563e-118 2.79040788726561e-113
KRVRQ 122.928370990693 1.94127397266847 0.17859176274712 10.8698964767891 1.60382725695769e-27 4.62992852538545e-23
KRRRV 122.924072234953 1.37170771060198 0.166198367982497 8.25343670490463 1.53903400918044e-16 4.44288337770209e-12
SGGSG 217.970156386715 1.09723458210984 0.123993037734629 8.84916284136981 8.81782313188264e-19 2.54552918171188e-14
KLAFL 125.790583999857 1.59445797400907 0.171281360681949 9.30899875888893 1.29043027294014e-20 3.72521411192361e-16
FLLAY 309.519048274043 2.59287515139183 0.116085415062622 22.3359252322363 1.65466739426619e-110 4.77669383376764e-106
AYTPW 210.303779281671 1.0940438863797 0.123548668844203 8.85516530946448 8.35598804491612e-19 2.41220662880638e-14
LWSTG 644.255015721406 1.94787758374822 0.0844787305717497 23.0576095375136 1.23382330643833e-117 3.56180112102616e-113
NFSYD 331.907043797051 1.21741826203631 0.101587064645422 11.9839889683353 4.31071438400315e-33 1.24441702837403e-28
AMLIA 3271.16590168045 1.47490017831199 0.0561540730239961 26.2652395255768 4.78769168754739e-152 1.38211083636118e-147
LAFIF 372.553027262349 1.71625868398263 0.119333652817465 14.382017506896 6.71093361769067e-47 1.93731231675494e-42
GKRAF 2018.5983865856 1.47006826267101 0.0509451824687083 28.8558837447282 4.27487996233515e-183 1.23407234752691e-178
LVILR 558.401296288335 1.40556394265463 0.0857436033423469 16.392639075858 2.15865756636499e-60 6.23161266258244e-56
RWGKR 258.24777942495 2.1398843059341 0.120681703177393 17.7316382649045 2.38968417545084e-70 6.89854027769148e-66
WWTIV 916.933984511399 1.18035901681443 0.0872150898242209 13.5338852392792 9.86678648673865e-42 2.84834392299171e-37
RAARR 881.06567219404 1.16095591221408 0.0655217968782465 17.7186213981796 3.01203712988508e-70 8.69514878655226e-66
FAMRY 118.770856400025 1.6332440906385 0.16815375588853 9.71280172725483 2.65925052285556e-22 7.67672440937944e-18
VARRV 380.219127282328 2.13120618741282 0.101193365474218 21.0607303890472 1.8234191020666e-98 5.26384626384586e-94
RRYIG 45.3117684107162 2.11286278191928 0.271792088899974 7.77382001981988 7.61539217608221e-15 2.19841141339141e-10
KVFPN 207.729726022226 1.13986475285918 0.125447357282631 9.08639908843259 1.02373434284864e-19 2.95531630093545e-15
RYRRR 37.0163722636282 3.17002910184172 0.321317220260926 9.86573050540988 5.8606279979138e-23 1.69184609043776e-18
SYCFL 1684.59965074358 1.0703635312533 0.0544374902572177 19.6622497877074 4.54134233170877e-86 1.31099470431769e-81
ILLCW 119.198925625687 1.48345803534855 0.187482973514931 7.91249470571473 2.52281602629773e-15 7.28286530471629e-11
