AA_seq baseMean log2FoldChange lfcSE stat pvalue padj
FVLIF 451.741853676071 1.29728878232675 0.0801937985005384 16.1769214899833 7.33724639052371e-59 2.93944764897161e-54
FYVYK 141.189294779557 1.09164327341711 0.099001724127359 11.0265077001364 2.84707147023165e-28 1.1405937724042e-23
KKILW 81.4338505888599 1.19874032438162 0.125302873390232 9.56674250117448 1.10327060395377e-21 4.41992269355957e-17
ILAFR 31.8950916687756 2.42392758507807 0.241507567124164 10.0366527390501 1.05182948114345e-23 4.21383926735689e-19
ILLVF 58.8199438917536 1.68929124963588 0.1875129082374 9.00893312100498 2.0807072373473e-19 8.33572933426074e-15
YYCRL 103.157420219047 1.44926371987549 0.113021999516289 12.8228462253193 1.22133437620351e-37 4.89290977794651e-33
SNNYD 4892.7280535213 1.05545703064632 0.0373090571787123 28.2895658711134 4.64447218058851e-176 1.86066844498737e-171
GKLFD 65.1228495516721 2.01383273788958 0.169293421607772 11.895516782426 1.2487761748286e-32 5.00284711159834e-28
FQRCR 814.384426506179 1.33242209358214 0.0549416772593219 24.251572941488 6.36427981618088e-130 2.54965777995838e-125
VKRLL 36.2557126569009 1.80925850041895 0.2064853738558 8.76216298827273 1.91539060037706e-18 7.67343782323056e-14
ARKFQ 39.5936441962599 2.44328101144956 0.197086801043896 12.3969793944009 2.71361254662382e-35 1.08712745842844e-30
LYIVL 903.116786756759 1.07267340450823 0.0683876996891223 15.6851803670017 1.91019764729135e-55 7.65263381457861e-51
WVFIM 84.6647252138391 1.32522750096455 0.157892870728662 8.39320670305594 4.73058830416641e-17 1.89516828641515e-12
MTFRS 211.605964983042 1.06251656533131 0.080071649945663 13.2695725147707 3.47557747758185e-40 1.39238584906884e-35
NKKIS 985.952724840375 1.02053538132877 0.0444783827063729 22.9445253903657 1.67110787211737e-116 6.6947923572766e-112
LCRAV 139.702368720251 1.18000420188082 0.11451795270363 10.3040979516517 6.75221526791235e-25 2.70507248063105e-20
FYVCL 863.837260852348 1.09146061878642 0.0557763686302074 19.5685134330404 2.869294306557e-85 1.14949668509287e-80
VGSRI 381.328452258031 1.289321961556 0.0646461735077768 19.9442889129532 1.68022127902956e-88 6.73130248804821e-84
RWGKR 258.24777942495 2.16863176004992 0.0891091991218116 24.3367888099344 8.00079224164655e-131 3.20527738784844e-126
RQRRF 135.680057462696 2.50687085592183 0.120672699976742 20.7741341364286 7.41897179866437e-96 2.97218848198092e-91
DIYAF 2096.54450553597 1.07822600027347 0.0359894608660043 29.9594929829016 3.30985639764411e-197 1.32599467002418e-192
YRRSR 45.9571111155306 2.15220895040747 0.189406880351147 11.3628868519318 6.39943455331131e-30 2.56374147074758e-25
WLIVF 905.801397254005 1.23927568435904 0.0684672945909054 18.1002578203762 3.17179697693302e-73 1.27068530489891e-68
FLVLA 58.2355429777561 1.4596564720187 0.16031785523775 9.10476546641696 8.64530234267994e-20 3.46348102452444e-15
AKRYS 1026.27411641611 1.70166400426921 0.0443697107369143 38.3519291878879 0 0
WIILV 161.397703046622 1.23190821723148 0.11481536316042 10.7294719393106 7.40179336332576e-27 2.96530645721557e-22
FRRYY 394.274060618884 2.03823133354131 0.119314588379837 17.0828342218524 1.99203194041587e-65 7.98047835969405e-61
WHCGV 146.665109706406 1.12872647921216 0.0977934316593125 11.5419457121043 8.10703827292726e-31 3.24784167290012e-26
RSFRS 743.541062750744 1.01499613200793 0.0495887582118183 20.4682708059028 4.13017030352859e-93 1.65462882699962e-88
KRVRQ 122.928370990693 2.11816098477246 0.127368741429114 16.6301477191819 4.21553682988298e-62 1.68882836478772e-57
MTRRV 105.338338649536 2.48281345863215 0.131299273521427 18.9095749888286 9.51202892222605e-80 3.8107090268222e-75
VSKRA 49.3027746974287 1.53752087505055 0.160533727638725 9.57755667712821 9.93677862859194e-22 3.9808722541865e-17
KNSPG 196.251616967975 1.10170298491106 0.0788864681852866 13.965677640979 2.52492408381929e-44 1.01153508645968e-39
YRRAK 205.722575903983 3.60021629452869 0.123456525184304 29.1618145671446 5.91726302648326e-187 2.37057391366973e-182
MAFMW 100.841480228849 1.41405579649559 0.11726430041236 12.0587066270217 1.74501723412718e-33 6.99088804336031e-29
NRRMA 1438.16916045836 1.24754310929513 0.0423886783854754 29.431045194431 2.20111587807537e-190 8.81811043074554e-186
LSRRV 15.5404992989432 3.33120606065382 0.413654132572375 8.05311925675245 8.0710192140721e-16 3.23341171754157e-11
QFILH 231.780897426859 1.06724853433397 0.0917467191471177 11.6325525779577 2.81550340426192e-31 1.12794697381541e-26
LSRRF 39.6047078933815 2.94244635177942 0.236159157011903 12.4595903415726 1.24005970564274e-35 4.96792719274594e-31
WLRRV 45.0361562717654 3.98475497296131 0.289310430335752 13.7732848702928 3.6904377770954e-43 1.47846318225996e-38
LLSWR 706.736915455612 1.2781688237676 0.0583264787177043 21.9140406187357 1.90873592523866e-106 7.64677786369112e-102
NHGSH 46.1415857516912 1.29305608130256 0.167372536530995 7.7256168072897 1.11313014778215e-14 4.45942199804483e-10
SVLRD 172.160500385816 2.07121408767822 0.10664638676885 19.4213245327051 5.09585589138682e-84 2.04150178720739e-79
YRKYE 712.981409104868 1.14396789850507 0.048620805900401 23.5283615176693 2.09109373604126e-122 8.37733972532852e-118
YIARR 74.9760894580113 1.52734537086853 0.135520456055377 11.2702201226686 1.84109043535123e-29 7.37577650210409e-25
VVAMI 832.74592673578 1.40070758368455 0.0535496465283763 26.1571770215571 8.16635732084724e-151 3.27160606987782e-146
TNKRL 474.918509480467 1.6256253646475 0.0573913553857053 28.3252652550596 1.68853693245499e-176 6.76461665880117e-172
NRRLR 17.8974833404708 3.31973809028352 0.393869552082788 8.42852175987888 3.50059084071425e-17 1.40240670260694e-12
FRRFS 717.477397864804 2.51960199573587 0.0578267687600672 43.5715508537252 0 0
TPRRL 65.7249984692115 1.25628962419957 0.147457646517685 8.51966414674129 1.60016668206364e-17 6.41058776168334e-13
PSSTN 2436.57611784602 1.99572535080645 0.0419033455142782 47.6268738525048 0 0
ETHAV 72.257178449324 1.00470948347484 0.129370677947683 7.76612984807227 8.09205969297716e-15 3.24184095420051e-10
YKSYS 63.8008615914549 1.41723036572063 0.141261695100227 10.032658639096 1.09527001277562e-23 4.38787072518169e-19
YPSYF 579.228984482498 1.59727151393585 0.0577473102580878 27.6596694598801 2.13521796266526e-168 8.55411020202957e-164
TYRRM 32.7744450411315 2.74058226989108 0.235912763128561 11.6169309093192 3.38063505286588e-31 1.35435001487913e-26
YFVYC 63.0738308571865 1.96530794833278 0.163132084905414 12.0473415727647 2.00306412461181e-33 8.02467549601983e-29
HNRKM 323.685436936832 1.11677242098909 0.0651734043297108 17.1354010500872 8.07939047302398e-66 3.23676541130287e-61
LLVWT 98.6226602140623 1.88154097962322 0.150793697146008 12.4775837136043 9.89438667751455e-36 3.96388919074588e-31
RKVSS 64.4414519712721 1.09821226710296 0.135264443438128 8.11900185435873 4.70033337773742e-16 1.88304755778917e-11
TNRRI 79.1017283930212 1.95188209112195 0.150055278766839 13.0077535902942 1.10544128737261e-38 4.42861888547214e-34
LVILR 558.401296288335 1.19428530957261 0.0557370547488377 21.4271334385052 7.46361636962442e-102 2.99007398999894e-97
LAILW 71.0773022413295 1.81595508194865 0.171206240087634 10.6068276542907 2.76994526939479e-26 1.10969547382494e-21
SFRRL 112.121498523954 1.76346107697803 0.122528976441706 14.392196264016 5.79267621355271e-47 2.32066194467349e-42
HVKRY 424.581907839055 1.33238503889268 0.0619142088190494 21.5198589194076 1.01470729500288e-102 4.06512036524055e-98
RKFNR 30.863825475931 1.50950718886278 0.196351381153333 7.68778492922334 1.4970418291911e-14 5.9974489761054e-10
MLAYH 30.5613597076129 1.68219643712255 0.212748174027676 7.90698413657695 2.63699212592812e-15 1.05643178548932e-10
MVLVW 711.438862080768 1.63533307107393 0.0652576069893547 25.0596542919617 1.37021766748741e-138 5.48936601948805e-134
YKRKW 55.1823945073043 1.88129440856116 0.165381375947325 11.3754913319887 5.5390045002971e-30 2.21903598290903e-25
VFTNS 56.5830450851071 1.37890605501163 0.154811338704263 8.90700943840917 5.24275958956518e-19 2.1003543467716e-14
RSIKF 1047.98796293227 1.09154524822766 0.0502238324783106 21.7336112033873 9.8724642301463e-105 3.95510661988121e-100
MLAYR 180.46704182434 2.04525127177012 0.102720972014491 19.9107468675589 3.28382873315773e-88 1.31556746707765e-83
WRMIL 10051.9683536026 1.14934712502983 0.0314318033454717 36.5663755399963 9.79483511267869e-293 3.92400684284134e-288
RRLVR 47.0339094902114 3.53704494062355 0.23778095709743 14.8752237513043 4.77386436637922e-50 1.91250554245884e-45
AKRQK 82.9406708688635 1.00987107975924 0.117569250041133 8.58958511180366 8.72839284045737e-18 3.49676873974403e-13
RKYSR 92.7050998358208 1.52445739181055 0.124577097064042 12.2370598427644 1.97041851127823e-34 7.89389063988284e-30
CWILV 265.872595404037 1.062113968787 0.0860624503290049 12.3412006598311 5.43394506506938e-35 2.1769470719681e-30
LLAWR 80.8815340388609 2.59383941185741 0.160077289754695 16.2036689641126 4.75061660370293e-59 1.90319202377547e-54
VCCSV 1949.432420531 1.03490611588329 0.0414501751503383 24.9674726856937 1.37967581983692e-137 5.52725726943065e-133
ARRLG 31.4059541552726 1.77226048353773 0.219951044277813 8.05752247895329 7.78562792124482e-16 3.1190782578091e-11
YFDHV 494.03509893744 1.13137505177994 0.067075357412825 16.8672236036959 7.83955214659694e-64 3.14068138096967e-59
VYAYS 65.6058973483264 1.1682703243505 0.134530479231132 8.68405681022913 3.81897902493696e-18 1.52995937697024e-13
YLRKY 35.7354101651388 1.45051737374196 0.188836775054164 7.68132887953584 1.5744669266849e-14 6.30762940168506e-10
LCLRW 80.4359282328823 1.43434818461467 0.128755067534128 11.1401299543762 8.00025250911641e-29 3.20506116020222e-24
HLLRR 630.695702339772 1.06532848687893 0.0553207156886347 19.2573157020418 1.2257006195746e-82 4.91040182213975e-78
VYKRV 21.8439186788273 2.85409466216151 0.290444258357296 9.82665203403846 8.64448734694551e-23 3.46315452093331e-18
VRRFR 43.7720680662131 3.18352847138617 0.245040402875251 12.9918512785293 1.36094692865228e-38 5.45222558556675e-34
WWARR 81.8466618904156 2.16725270759856 0.146880797837481 14.755180660147 2.84927400545827e-49 1.14147615206669e-44
NVLRN 32.1498336746875 2.18803863938192 0.232722614774478 9.40191670458096 5.35780213838968e-21 2.14644269268168e-16
SIFRR 99.0081936889907 1.1026544797221 0.125267290552906 8.8024134221727 1.33904853686126e-18 5.36449624837358e-14
LQKLV 141.692597731319 1.08449477896931 0.108595392854137 9.98656343023669 1.74527735511806e-23 6.99193014007398e-19
HLAWR 1050.19473407247 1.62087255822812 0.0494282840800797 32.7924100218028 7.55408293834245e-236 3.02631670675875e-231
KSHRR 49.4799930953866 1.39684725571845 0.169612824627732 8.23550494359294 1.78801863721688e-16 7.16316026441828e-12
ISKRL 795.779487141759 2.3053499658729 0.0635775503748713 36.260440238416 6.80369482638938e-288 2.72569622134811e-283
RKRVM 183.446310361828 1.45044469959509 0.107159469705795 13.5353851934623 9.66743710450267e-42 3.87296865280586e-37
GCNVH 494.282661453805 1.02752528861345 0.0730086059240441 14.0740297066137 5.48525829954471e-45 2.1975041799636e-40
LAFIF 372.553027262349 1.94914477436406 0.0758235238485529 25.7063332780103 9.9304116566878e-146 3.97832151790227e-141
IRLVY 556.86793443303 1.06998954300134 0.0676858571708795 15.8081700923141 2.73290120052685e-56 1.09485487895507e-51
VWQRR 74.4745364588144 1.24813924191078 0.137458521169757 9.08011545075018 1.08459745319502e-19 4.34511431698987e-15
LLVFL 235.554417375189 1.45057355551361 0.110515482343477 13.1255234538568 2.35152253150761e-39 9.42066956572577e-35
VFCWN 473.501680144034 1.69993145593766 0.0620801454537806 27.3828523356679 4.38944040164571e-165 1.7584976137073e-160
TWRKV 58.0409306836223 1.12390002276847 0.141684804131405 7.93239634736065 2.14957111770653e-15 8.61161181175589e-11
WLAWT 131.045407023936 1.53387077173619 0.122132140333332 12.5591082539767 3.5430337295558e-36 1.41941017273464e-31
LVVAL 541.965620854384 1.03562160997806 0.0679147697366154 15.2488422473399 1.67578158103185e-52 6.71351616992982e-48
SERRV 418.945182457084 1.22874758550296 0.0622880729956837 19.7268518097856 1.26826690867375e-86 5.08093088952876e-82
VRRLM 21.931672560954 2.15372291668853 0.28033286694541 7.68273424431509 1.55728432808023e-14 6.238792475155e-10
LLVLI 74.7302144118841 1.3181893341818 0.152154768712592 8.66347696713833 4.57589031030643e-18 1.83319317611496e-13
MVLAK 94.4602458791526 1.3489573434981 0.125388756706493 10.7582001682631 5.42187365867632e-27 2.17211102513891e-22
MLVAL 359.618783398842 1.52416793858825 0.0769965789827609 19.7952682927576 3.27006385800242e-87 1.31005298279293e-82
LVLVL 421.884251511494 1.126036904258 0.0773956805905566 14.5490923481251 5.9183089726283e-48 2.37099294061435e-43
LLCSL 971.339477857382 1.04856517278616 0.0524941430428739 19.9748983792298 9.10689769623931e-89 3.64840535506739e-84
QSRRI 122.470191607321 2.18746858832474 0.119742346686898 18.2681286015258 1.48455035017967e-74 5.94740561288978e-70
FLACV 564.337123185825 1.29461922314043 0.0743585352143333 17.4104992709819 6.86823335327328e-68 2.75155164598834e-63
LARRF 127.026453124541 3.54312843526932 0.145397471120428 24.3685698792839 3.68505594128729e-131 1.47630711119851e-126
HYKRL 350.580301605864 3.14907098348092 0.0871785283525779 36.1220938571602 1.02066891034866e-285 4.0890037886388e-281
IVWNF 55.8267102061812 1.37062516547 0.167104046703021 8.20222605324387 2.35976030698258e-16 9.45367174183362e-12
NRYRR 83.0156971489416 2.20064338375099 0.151737032250369 14.5030079415279 1.15955142250428e-47 4.64539490883664e-43
IILTD 1832.96023255211 2.23267210175146 0.0494538365582318 45.1465903787362 0 0
RRLII 371.484250818027 1.20869695849383 0.0803834665074216 15.0366364006239 4.22477782312118e-51 1.69253049149881e-46
VIKRF 600.922200848849 1.04704108830314 0.0579900577179059 18.0555276112415 7.13766440637591e-73 2.85949111448232e-68
YLVIS 108.065337473155 1.11772134517 0.13786572254718 8.10731866136991 5.1749016108923e-16 2.07316908335567e-11
NRAVR 1654.90228219062 1.00307028482529 0.0387189243183054 25.9064605353992 5.63206868018687e-148 2.25631935465646e-143
YGLGW 188.893496580954 1.00032957475884 0.0814466140558057 12.2820277596001 1.13126794788146e-34 4.53208565280272e-30
FALVF 1294.96048605338 1.41376208877098 0.0613471629273706 23.045272532729 1.64055838861211e-117 6.57240501645784e-113
YIVFI 2008.53771233971 1.1938643305369 0.0455017536385759 26.2377652522991 9.85848895725079e-152 3.94950784605381e-147
RAARR 881.06567219404 1.21378517074849 0.0446324212062701 27.1951450973037 7.41299335712983e-163 2.96979339873335e-158
YFVYK 110.167283306078 1.31006697780256 0.122311373170196 10.710917095008 9.04611876114505e-27 3.62405609808993e-22
AFAYL 180.10040311774 1.66810077995833 0.117791487889957 14.1614713409232 1.58637556918404e-45 6.35533780526508e-41
SKKKG 189.458763626428 1.09073274430872 0.0875120613013342 12.4637990248332 1.17630561045375e-35 4.7125155365998e-31
RKLKI 1440.77129894914 1.13235698202751 0.0514880934836497 21.9925987818347 3.39006841656812e-107 1.35812920904552e-102
TKRYH 51.7539856170394 1.64788852251379 0.158461298436298 10.3993122533717 2.49729074623887e-25 1.00046461875822e-20
WRRVF 40.4266028851291 1.78121172681042 0.20398463441336 8.73208774735909 2.50014134292364e-18 1.00160662480207e-13
FVYLI 427.925214749739 1.21807401305048 0.0766123200174682 15.8991923593065 6.41869120887249e-57 2.5714560720985e-52
YFRRF 61.9847640968956 3.46528109268446 0.212038039751537 16.3427331093281 4.90060385600254e-60 1.96327991679174e-55
GKGES 699.224173865937 1.10581125500193 0.0547484148344322 20.1980506348189 1.01838682001939e-90 4.07986127836169e-86
LALVY 49.5890517229899 1.68118122195016 0.199936644128018 8.40856977110065 4.15040493145264e-17 1.66273522363856e-12
RISFV 110.03072213932 1.0187833769833 0.122368213228878 8.3255557150104 8.39340460768472e-17 3.36256575393065e-12
RRLWP 78.7609624517243 1.09514288212437 0.122669816606294 8.92756598503118 4.35484382813726e-19 1.74463753442835e-14
IRMRV 76.9836680913434 3.6845239677114 0.204468783719468 18.0199828095353 1.35785682856562e-72 5.4398460265996e-68
VLLVL 203.15335420757 1.01179239313849 0.103017511580702 9.82155730238031 9.09278607508705e-23 3.64275195740137e-18
LLVYV 63.4508505247087 1.79925237928143 0.171141751757068 10.5132287171831 7.50782841604923e-26 3.00778622003764e-21
WRRIG 234.31202495239 1.4813333220754 0.0761591740027607 19.4504909155357 2.88654334301866e-84 1.15640699408013e-79
LYVLL 108.303311238912 1.10065430384741 0.131023383045492 8.40044180102766 4.44801953081714e-17 1.78196558443596e-12
YICLL 114.449378947646 1.1940144631033 0.11431696396175 10.4447705898034 1.54829274530343e-25 6.2027703962346e-21
DGFTN 1275.72432399345 1.03381439837924 0.0447797019076292 23.0866744158274 6.30194787110225e-118 2.52468635612099e-113
VARRC 110.300064628331 1.11255547191744 0.116207548831556 9.57386575230232 1.02981429304326e-21 4.12564202078991e-17
LLASI 44.6518487355231 1.59022007141206 0.196963778696639 8.07366756433576 6.82174495451766e-16 2.73292746367887e-11
LTAWR 108.034800185169 1.76142400171006 0.118848076342504 14.8208036336565 1.07490717013696e-49 4.30629310500267e-45
IMHNV 100.140674480441 1.08546557296644 0.111997144350514 9.69190401470676 3.26386371856975e-22 1.30756908293341e-17
NLAWL 302.762430767168 1.2423021059148 0.0809306184899277 15.3502114415375 3.53033875282207e-53 1.41432431115558e-48
WFRVV 286.976164164686 1.23166530102351 0.0902791760607965 13.6428504862968 2.22683190080577e-42 8.92113396100809e-38
RRRVT 236.2864392943 1.20664918960248 0.0862692159862505 13.9870193070352 1.8709020579683e-44 7.49520782463261e-40
KRRMR 38.8469383022841 1.37312574703872 0.180140404811809 7.62253059480584 2.48750136613637e-14 9.96542797301551e-10
WWRKF 163.531606726915 3.37427519411005 0.1956732337034 17.2444392635977 1.23202271676891e-66 4.93572940791962e-62
WMSFM 1685.21185640378 1.18622915990719 0.0426905877932493 27.7866673012821 6.28639191880891e-170 2.51845433051323e-165
LLAYL 230.221915680618 2.26871374903188 0.0908111235343833 24.98277370363 9.40910786424733e-138 3.76947679257477e-133
MAWVW 106.235855654641 1.1209831340339 0.128092479915458 8.75135788434855 2.1080069504786e-18 8.44509744500736e-14
VLVWF 125.893745346051 1.04486513675353 0.12813690138964 8.15428752702776 3.51244331338736e-16 1.40715504020924e-11
FRRRI 21.7438662748065 2.71068727602589 0.278377880608259 9.73743772351094 2.08751427498369e-22 8.36299968843964e-18
AFRYV 347.58537776603 1.10756898972246 0.0811682491030262 13.6453478048619 2.15184394559452e-42 8.62071721484077e-38
RLVFW 1056.01161185389 1.13631490100029 0.0565545535498451 20.0923679823373 8.60582668927708e-90 3.44766628825818e-85
RLRRK 62.5878725232139 2.19006228869852 0.163201322848978 13.4193905445555 4.65525841928446e-41 1.86498962793374e-36
RIVRR 293.44146575804 1.10860576761904 0.068598208900719 16.1608558792475 9.52302780972031e-59 3.81511540113015e-54
WNVSV 157.063110537983 1.04197991995351 0.0928076093056653 11.2273112921345 2.99452585509052e-29 1.19966694806637e-24
FCMWS 354.87716375069 1.19017050694773 0.0696206736918216 17.0950731131396 1.61493382863165e-65 6.4697479042641e-61
NRMVR 96.4694145784737 1.07077493506744 0.117282318756759 9.12989226695115 6.85674943410831e-20 2.74695095829247e-15
DRRGR 472.405273529459 1.32645903320047 0.0638357101087347 20.7792633768943 6.6673737921335e-96 2.67108328860452e-91
KRFVR 578.424873393039 2.60750892564333 0.0740000898826762 35.2365643038734 5.51093269548354e-272 2.20778985646462e-267
KRAGT 131.986175184505 1.08354709039634 0.0991237717643373 10.9312536348236 8.17116724100477e-28 3.27353302009133e-23
WYKIV 55.5749459565273 1.62808099788877 0.189608671124963 8.58653239975386 8.96335450403256e-18 3.59089908140553e-13
RRFHR 22.5582559586055 2.35549321237475 0.283472669723886 8.30941908674689 9.617170580276e-17 3.85283087787017e-12
SFVLC 145.894843009645 1.15836997737728 0.101202369357197 11.446075667347 2.46033619881756e-30 9.85659887970291e-26
TKRSR 315.748090024933 1.84666285844655 0.0836098973915049 22.0866538060622 4.24714696835579e-108 1.7014920184627e-103
ISTHI 87.234902904771 1.05099474673325 0.116482452694015 9.02277315102627 1.8338704525797e-19 7.34685180712479e-15
YAFRR 1752.97607652701 1.31964266619441 0.0360682800468822 36.5873466791073 4.54589343805002e-293 1.8211758291516e-288
NTKRI 1837.32462961909 1.67803610006815 0.0441037692624462 38.0474532705524 0 0
PRRFT 67.7063272983317 1.67938421657465 0.14249229620042 11.7857895574406 4.62069609438534e-32 1.85114326933266e-27
RMACR 60.0904675597869 1.23404557945295 0.157020449382197 7.85913926694486 3.86782013343027e-15 1.54952610185484e-10
VFVYA 557.433517816013 1.06884426608277 0.055833070543945 19.1435694950989 1.09504722391398e-81 4.38697818844417e-77
DDLSS 570.566261828558 1.0107648434598 0.0492541928644095 20.5213969548198 1.38670034024277e-93 5.5553989030806e-89
VIKYH 1202.98712715781 1.06147727912406 0.0511241747670711 20.762726908753 9.40740769580094e-96 3.76879567109177e-91
IWRRY 132.248948008545 2.61107004048787 0.122322056035666 21.3458645571372 4.26011177110318e-101 1.70668597773935e-96
KKLLG 102.904481958719 1.06439171251188 0.107524026051574 9.89910582404473 4.20013442321805e-23 1.68265785262961e-18
LRRRF 76.6182192726275 1.5233999127008 0.135185453380819 11.2689632989532 1.86755809641593e-29 7.48181124586149e-25
DGISN 230.350235918786 1.10039487505016 0.0902646686210023 12.1907595946586 3.48160919567802e-34 1.39480227597253e-29
GARKK 662.086858670087 1.2135867024288 0.10100250886141 12.0154114596699 2.9489811160588e-33 1.18142081471547e-28
KSRRR 1168.84214907085 1.16755910837507 0.0397123553650255 29.4003993881294 5.42746622453055e-190 2.17435151887143e-185
AWLLC 113.69843531497 1.08224682777227 0.114559777518758 9.44700532082526 3.48663063933201e-21 1.39681396672919e-16
YLVRF 2615.26703001982 1.17247474379805 0.0521719799475733 22.4732652465221 7.58078644167266e-112 3.0370146642629e-107
RRLRF 157.659954604642 1.65727068706847 0.0989435341909938 16.7496613156085 5.69495775853714e-63 2.28151397722515e-58
LKKRV 392.310402509494 1.22499297133528 0.059104847514333 20.7257614705497 2.0289251897295e-95 8.12828009509433e-91
YVLWH 311.160914281134 1.0140923417588 0.0674880879068941 15.0262420111506 4.94261640048434e-51 1.98011098236204e-46
RYHLF 270.390685665079 1.10720402063066 0.0798869237672153 13.8596402066623 1.11230390560407e-43 4.45611190663101e-39
FAMRY 118.770856400025 1.62662648296806 0.109392507734599 14.8696333657006 5.18967612675904e-50 2.07908804990221e-45
RGPWC 123.245958382034 2.00728324670501 0.118738352150544 16.9050960397366 4.12651965352324e-64 1.65316630359448e-59
VLLVY 270.90288434248 1.38809032274355 0.0868862665207219 15.9759462378614 1.87979974687315e-57 7.53085374592323e-53
ARRYR 120.116215718324 3.52875629013033 0.156276116038899 22.5802661313389 6.77396619774864e-113 2.71378633814206e-108
KRFVL 217.259660946196 1.20741177799516 0.0888118948875523 13.595158390933 4.27833477102069e-42 1.71398647596631e-37
MFIVL 177.773541818262 1.32177471952646 0.11084564616658 11.9244622160448 8.82520702978768e-33 3.53555444027354e-28
WAMAW 251.740853598598 1.7475232128797 0.0865545510178274 20.1898478165494 1.20234204104468e-90 4.81682268483319e-86
RKRVV 1324.14585659693 1.31215954297371 0.0447526731272887 29.3202495243486 5.72496758140992e-189 2.29353651246444e-184
MYKQF 71.436464131531 1.04325819560931 0.128697094018249 8.10630732238121 5.21813614752969e-16 2.09048970342334e-11
AEHES 63.5985435573731 1.88197347768349 0.161986702208927 11.6180739037218 3.33571769867985e-31 1.33635522444512e-26
QRRIR 65.6391323160995 2.54469235999807 0.179338721730986 14.1893080057479 1.06706476683149e-45 4.27487486888031e-41
PAKRL 92.476189726056 1.31425783892485 0.11693851895999 11.2388787767572 2.62697552751472e-29 1.05241893583295e-24
LLVRI 117.986358214896 1.2050776606376 0.129613850416579 9.29744511689515 1.43860879563212e-20 5.7633545570614e-16
WEQVG 116.357514468371 1.12478695046002 0.122530740881623 9.17963069811743 4.32572374244766e-20 1.73297144569938e-15
SRKIR 37.6580734193355 2.37640121710021 0.211268852064074 11.2482327322889 2.36278782727175e-29 9.46580059361608e-25
VYTIF 1281.73558853822 2.66417674068634 0.0673675396063047 39.5468909248543 0 0
VGRRM 467.152502362836 1.06381684082109 0.0616966635753304 17.2426964307753 1.26973772410658e-66 5.08682327031576e-62
IRHKR 49.734864990084 1.4232894788013 0.160048820576872 8.89284578087651 5.95634538348014e-19 2.38623108752981e-14
KKLRA 68.0790848640309 1.86223726875285 0.170802897587405 10.9028435410464 1.11710606060452e-27 4.47535029999383e-23
MRFTI 319.783833769163 1.00991678430888 0.0822090916680383 12.2847335229897 1.0940492365703e-34 4.38298005154795e-30
RRLMS 950.052551829244 1.49460586115969 0.0485949961699868 30.756373679535 1.00492241418272e-207 4.02592017569881e-203
VLARL 101.422971541745 1.1550476411948 0.12462516388369 9.26817349883516 1.89360690905106e-20 7.58616799904037e-16
WCFVY 644.118003695819 1.14438566991255 0.0650818995226868 17.5837779521728 3.27976323947178e-69 1.31393874899718e-64
NSRRI 36.830616736512 1.60157606703004 0.179586704457576 8.91812159406478 4.74263537643141e-19 1.89999458450595e-14
RSSYG 134.467929813098 1.13281032330558 0.0917793297940702 12.3427609010364 5.32964229848119e-35 2.13516129761754e-30
WLAYL 60.7452375618316 1.99299213847236 0.168601616065059 11.8207178850725 3.05066399321969e-32 1.22215700896367e-27
SARKV 53.1707403322096 1.4991301334992 0.165476792629175 9.05945848768461 1.31099768660884e-19 5.25211893209232e-15
KRIRT 105.389371597173 1.72385111887437 0.127962030397627 13.4715830431707 2.29883824722631e-41 9.20960578603803e-37
IRRLV 71.2641216361303 1.32019787360663 0.142247372309123 9.28100007877584 1.67895176464219e-20 6.72621655950956e-16
RYRRR 37.0163722636282 3.23186406873233 0.246538977593945 13.1089375816885 2.92669517282485e-39 1.17249262013709e-34
RRYLY 1511.14544067885 1.06678888125858 0.0426879265932953 24.9904121936467 7.77189148498619e-138 3.11357516671517e-133
WYRSL 118.815459493839 1.40235228464176 0.112333254142993 12.4838570318337 9.14471099221309e-36 3.66355411770041e-31
GSVVW 59.8279541944461 2.00209578108958 0.169817012824774 11.7897244085635 4.40981671264281e-32 1.76666077141896e-27
VLIAF 57.8947279374166 1.70728321003788 0.200346997966452 8.5216311068647 1.57321790153021e-17 6.30262555711032e-13
KRLSG 78.3839038882548 1.08050466437944 0.13139367536881 8.22341456958686 1.97789671166691e-16 7.92384980627995e-12
YYAYA 342.382186458519 1.30497172417723 0.0679633322838416 19.2011144881353 3.6223571055868e-82 1.45118870364018e-77
INYPR 154.466760459297 1.01223806947751 0.0963502159211765 10.5058204571707 8.12134875125488e-26 3.25357473672773e-21
RIRKI 266.529159404428 1.27833514406955 0.0730241021180305 17.5056605557895 1.29713494287775e-68 5.19658200815684e-64
CKRLR 20.2102644555205 2.52536532861302 0.302189872943121 8.35688272415521 6.43972616911858e-17 2.57988309787229e-12
RRYIG 45.3117684107162 2.21593379346857 0.186814984855308 11.8616490812279 1.87250370685962e-32 7.50162435042102e-28
YAYLV 226.531299743981 1.23885240353926 0.0989896477147683 12.5149693138511 6.18317689161019e-36 2.47710432631688e-31
YALVF 74.5503961306601 1.29198330817566 0.164018175346378 7.87707402211499 3.35136389038078e-15 1.34262340176435e-10
KRVTA 189.169870880644 1.54083573207286 0.0825304280157959 18.6699108331045 8.69978968875739e-78 3.48530974510999e-73
ERRKR 28.9612628369484 1.72060582648253 0.222683585932415 7.72668456580696 1.10383714126952e-14 4.42219235535395e-10
FVRRS 122.429875164856 1.51625227898819 0.118402413359476 12.8059237642798 1.51907243861199e-37 6.08570800356736e-33
YLAAL 334.07480741392 1.18649802367754 0.0683412727084324 17.3613685647845 1.61819694405073e-67 6.48282059725605e-63
ECIIN 146.009380391627 2.10021892327352 0.117761716669013 17.8344795123571 3.81586447484981e-71 1.52871162591433e-66
LFLYF 124.706776475228 2.26890862575872 0.125495596613663 18.0795875471514 4.61521153252042e-73 1.84894604415833e-68
LPVIV 41.2837967970036 2.25084503317059 0.217692767211875 10.3395489983363 4.66728839685155e-25 1.86980907754667e-20
RLRKF 37.3021261523232 2.08824291335849 0.202403097822753 10.317247788308 5.88869581777284e-25 2.35912931851615e-20
MLAFL 179.688148610759 1.84819409450525 0.103544343426259 17.8493004383332 2.92679616220228e-71 1.17253307850148e-66
YSLAM 171.376080500253 1.64611535079423 0.0971145627313561 16.9502421109366 1.91662896857552e-64 7.67839897390724e-60
FNVSS 92.3518456054878 1.1803399131053 0.117452067601477 10.0495456334602 9.22919665117577e-24 3.69740076239404e-19
VSTVV 40.3251099624963 1.59765249042198 0.200423017299979 7.97140224683241 1.56883962070573e-15 6.28508528847130e-11
KRVMA 144.079320088819 1.64101216950711 0.095803848777319 17.1288752012603 9.03852987682922e-66 3.62101583925532e-61
VYRRN 97.4153615415989 1.21784884536882 0.110073642135881 11.0639461158689 1.87655748729869e-28 7.51786460561601e-24
KGRRL 74.4371894967461 1.53680712871877 0.140369325060261 10.9483117344834 6.76975991593267e-28 2.71210121752094e-23
SWCAK 136.125909783279 1.04829515244554 0.0949801883942791 11.0369875041086 2.53386396882542e-28 1.01511658319084e-23
AFVRR 88.6488196410035 1.19730165493131 0.122240418895701 9.7946462041568 1.18712276391914e-22 4.75585121681287e-18
SKRLQ 137.812578942922 1.55183075385927 0.106522155566823 14.568150124279 4.47854783579199e-48 1.79419583397499e-43
WDLAN 217.539532717963 1.09170556230503 0.0750758268552571 14.5413724767866 6.6250898290176e-48 2.65414348730103e-43
MLLCW 132.462392091914 1.57146382172485 0.105682224292636 14.8697080539622 5.18388991677024e-50 2.07676997845649e-45
WVCLC 67.0800118887152 1.28040988612907 0.151274977433583 8.46412214268043 2.58089234532424e-17 1.0339570913838e-12
ILLVW 3131.72324943198 2.22049606798084 0.0569917009748216 38.9617440785253 0 0
RKARY 92.2434650476501 1.02331375148308 0.116522500236686 8.78211289154008 1.60431942003786e-18 6.42722446055566e-14
IFALI 32.8689263180151 1.96431904574063 0.229345723750006 8.56488193292759 1.08186644176485e-17 4.33417333899833e-13
WVFIR 583.042064566616 1.02538764802526 0.0703058880757247 14.5846624811971 3.51656841910336e-48 1.40880764006119e-43
MAIIV 615.185219622772 1.02948511002583 0.0648158784346421 15.8832239088439 8.28104576728692e-57 3.31755255529049e-52
WCLIW 84.8714700448217 1.25827634738571 0.141611763895956 8.88539421280128 6.36945097730325e-19 2.55172945052723e-14
RRRML 935.684478394299 1.0426412255317 0.051382194166467 20.291878197217 1.51688210512618e-91 6.07693308955648e-87
RWRRL 44.2497612171656 2.63039139212942 0.205860822458538 12.7775229920652 2.18931483826354e-37 8.7708331050514e-33
DNLAV 33.6125077039604 1.88838526158807 0.215940398343476 8.74493738121385 2.23139361414244e-18 8.93940909697744e-14
RRVAR 32.8836696566637 2.38803982288098 0.223557033052083 10.6820160845695 1.23558684093104e-26 4.95000800213795e-22
LARRG 128.995170868781 1.03912030104012 0.0957260987085494 10.8551410227618 1.88515582172002e-27 7.55231125297476e-23
YFAWF 715.315567094589 1.81011110675769 0.0595005178135233 30.4217706546797 2.83114589021588e-203 1.13421366653829e-198
PRRLR 16.1002527337167 2.85176784612529 0.343260288459855 8.30788746033116 9.74208544909942e-17 3.90287427261821e-12
VYLFG 550.392102785273 1.02613723155808 0.0612342922817348 16.7575584418759 4.98686641073412e-63 1.9978384214683e-58
TTHSI 76.6011076363212 1.15316627185303 0.127028523113787 9.07801054114486 1.10577455571289e-19 4.42995402509698e-15
AYRTR 97.3808508295172 1.05956297434585 0.114666176056197 9.24041431212087 2.45544602320608e-20 9.8370078581682e-16
VNFNG 26.1663002997856 2.74229168024233 0.305798842291847 8.96763264271991 3.02955540610158e-19 1.21370048679241e-14
WWVRS 28.1380729600303 1.90950272341984 0.241643402926165 7.90215127041272 2.74130442615369e-15 1.09822137920569e-10
YYVFW 917.889108448265 1.70865924057296 0.0576683114749091 29.629083926211 6.30871568464438e-193 2.52739767758223e-188
WYVLL 144.747993303385 1.08733236285683 0.117517633484469 9.25250390615238 2.1929418216162e-20 8.78536352575881e-16
WHRRT 59.2558244910438 1.4561384840864 0.162286449296899 8.97264368279099 2.89481328788831e-19 1.15972009939382e-14
LVFRY 58.2869715577091 1.67578732126522 0.160438278894301 10.4450592016712 1.54359049939961e-25 6.18393225869474e-21
LLLCY 180.187211805564 1.01488139207042 0.0865036491702967 11.7322379090905 8.71242724002768e-32 3.49037260089989e-27
YGLQR 87.8278682239422 1.13140049836981 0.118747629932685 9.52777330386443 1.6069287261447e-21 6.43767786268088e-17
TWYQM 346.957111111904 1.08368969038427 0.0748550528830774 14.4771748685687 1.68897702098649e-47 6.76637974147609e-43
RLCFN 575.616456196972 1.01958241689319 0.0511327556247031 19.9399074905443 1.83403575686408e-88 7.34751404914887e-84
KKLWR 61.3185834336578 1.70274896344828 0.151871992445477 11.2117378328303 3.57112102038947e-29 1.43066250318843e-24
NKVNN 248.984642761017 1.0308356913895 0.0712839308150346 14.4609827152249 2.13724414798831e-47 8.56222750567076e-43
FARAR 119.058262680009 1.00516818030537 0.112989268936406 8.89613845427315 5.78234360807184e-19 2.31652249626574e-14
VTQGG 81.5334980686233 1.36914466040392 0.120838647353998 11.3303540744957 9.28287207817473e-30 3.71890421195836e-25
IHRRV 31.444503474145 2.68191265650681 0.259088700711927 10.3513300623972 4.12711887290528e-25 1.65340636286331e-20
REKKL 469.629842939888 1.38306713279608 0.0677640961997334 20.4100284717074 1.36205338208182e-92 5.45665825929618e-88
FLLAK 560.015889215065 1.77230218815405 0.0704602030826715 25.1532370134471 1.30253124445227e-139 5.2182006715247e-135
LLVYH 68.2296717659827 1.42954763913971 0.150620584468851 9.49105093557346 2.28716605912307e-21 9.16284466605885e-17
LFRRK 17.203969771489 2.78803239658872 0.339238422452721 8.21850419074296 2.06057041377079e-16 8.25505719164854e-12
FRRCV 76.9254334132077 1.24075182200895 0.127531351505335 9.72899453635171 2.26823824630874e-22 9.08701606236207e-18
LFVLV 584.870323214806 1.73281144384105 0.0669976684389314 25.8637574144914 1.70388593872962e-147 6.8261078477386e-143
YTIVW 593.271908612715 1.10892263756672 0.0644635971566869 17.2023077593908 2.55163390083752e-66 1.02223557335353e-61
RRKRR 20.9231192517545 2.93584577876335 0.323778348691131 9.06745553132709 1.21828669091718e-19 4.88070014115239e-15
WRRKV 34.3816101238881 2.07838407700717 0.226846212185297 9.16208411410219 5.0904537748723e-20 2.03933759128934e-15
KRVRF 87.3006228035329 1.93466655728092 0.136630589860097 14.1598346260668 1.62375814615854e-45 6.50509988514034e-41
GRCFT 289.311552149031 1.19032800683343 0.0824733508888425 14.4328803668685 3.21374500361953e-47 1.28749052335006e-42
SYCFL 1684.59965074358 1.11620877038776 0.0383111664956491 29.1353376179377 1.28140932822111e-186 5.13358205071942e-182
RMRRA 48.4888586040551 2.26937166531275 0.201081235365881 11.2858450525405 1.54152949114785e-29 6.17567544743652e-25
KRVLM 155.031494075199 1.04194130276966 0.0956453720267793 10.8937973755587 1.23385832092642e-27 4.94308320529543e-23
LKKLT 94.9403863961644 1.04069414091547 0.121827270807361 8.54237424854626 1.31491760362775e-17 5.26782290365351e-13
FTKKI 26.1670215134485 2.67193687222719 0.326961346369966 8.17202676063066 3.03251243807266e-16 1.21488513294067e-11
RRLTQ 155.290047906309 1.08075991034066 0.0892320679290888 12.1117882328976 9.14777881816513e-34 3.66478315013332e-29
FLLAY 309.519048274043 2.56794150629432 0.0843530003317554 30.4427998553076 1.49186255141176e-203 5.97669975346581e-199
KRFSK 603.57624130798 1.59989016662006 0.0536039273630295 29.8465102339404 9.74362225642476e-196 3.90348994836889e-191
WVLAL 57.3377056881641 1.88847563227811 0.175006273972791 10.7909024597125 3.80039100583915e-27 1.52251264475928e-22
CRRFN 936.030052330216 1.3311951356923 0.0452469332884403 29.4206709481545 2.98794928246047e-190 1.19703224153931e-185
YYVAW 104.109236956408 1.48365148485517 0.147556703369398 10.0547887759524 8.75088919079191e-24 3.50578122761506e-19
MKKYM 50.2856593088139 1.51017358190034 0.163370232496878 9.24387239229276 2.37734061755408e-20 9.52410198204517e-16
LWLLM 71.7970508118951 1.0867356395047 0.140132245054095 7.75507192570268 8.82934198132731e-15 3.53721098455935e-10
KLVWT 376.679438007009 1.04305408933417 0.0690317764809482 15.109767450676 1.39631643526429e-51 5.59392290295581e-47
VNRRY 252.468417989967 2.15345524249139 0.085646457116733 25.1435414258445 1.66283207611368e-139 6.66163786332663e-135
WFRFF 277.749801189937 1.43859649223227 0.0780924084907434 18.4217201138417 8.79632484310464e-76 3.52398365864458e-71
SGGSG 217.970156386715 1.05609746751709 0.0855198044194235 12.3491567209107 4.92246849490775e-35 1.97203932842994e-30
LLSYW 67.4632375440753 1.18955194488609 0.147730201812231 8.05219197086078 8.13242154820873e-16 3.25801072064338e-11
HLRRA 103.890050035437 1.08880347536109 0.107704288291574 10.10919335369 5.02966774056462e-24 2.014985490225e-19
QHNTF 309.579174158906 2.08916573577358 0.0801672037888415 26.060104843826 1.0335325352874e-149 4.14053804286839e-145
LLFVF 105.712992296267 2.31319017929114 0.149079050082166 15.516534201259 2.68148162348791e-54 1.07425516800173e-49
YVALR 189.623309965022 1.03556935164925 0.0999252950193185 10.3634355189949 3.63660578319142e-25 1.45689700886215e-20
DNSAW 66.8915301115809 1.05630307041846 0.136570232825478 7.73450442724443 1.03806667699437e-14 4.15870272137486e-10
KSVRR 698.616793006349 1.83900683576018 0.0563199116887275 32.6528714377985 7.295409617854e-234 2.92268700110467e-229
MMLVM 4751.21721888546 1.64929282684069 0.044785307901751 36.8266492765634 6.91695089169552e-297 2.77106886623106e-292
LVLAY 132.521298879156 2.03297761101399 0.120304473542283 16.8986036109411 4.60687563714026e-64 1.84560651775113e-59
IFAHR 86.5432385468171 1.148034169944 0.127935259585591 8.97355563792752 2.87093654391267e-19 1.15015459822229e-14
TAHMF 60.0825719245321 1.06026034694352 0.137803053704646 7.69402649970287 1.4257550551314e-14 5.7118599018674e-10
KRRRV 122.924072234953 1.37415556498124 0.108316988179408 12.6864270146174 7.03212966127242e-37 2.81721178489896e-32
LVALY 90.6605504582258 1.60078312620926 0.136881577967901 11.6946571625924 1.35734234525471e-31 5.43778490355942e-27
YFVNV 50.9788436795896 1.55167496100843 0.182997732144206 8.47920322742407 2.26741322661822e-17 9.08371086847792e-13
SRRVV 47.5022488567949 2.04665189317456 0.197942562796752 10.3396251127458 4.66358300848482e-25 1.86832462485919e-20
LYKSY 60.0099986692041 1.27786831287043 0.147114317337809 8.68622671127339 3.74676799623815e-18 1.50103019465293e-13
RRMTR 26.0107943755359 3.31003729017965 0.298065209292423 11.1050776373309 1.1851430615247e-28 4.74792013308024e-24
WILAM 268.04464534732 2.32237213454414 0.0901022632963613 25.774847929241 1.69781237232904e-146 6.8017759260246e-142
LLVSL 245.913078681387 1.04565290378306 0.0976076171699102 10.7128207213874 8.86197509133184e-27 3.55028446108936e-22
YLVFY 424.301170556894 1.28794224893685 0.0791265851618448 16.2769851157168 1.43780160725868e-59 5.76012079899972e-55
LSLAF 85.8991178674881 1.0869233188107 0.134822592897898 8.06187817225735 7.51310579176968e-16 3.00990044229877e-11
SQKFA 3769.40399689926 1.01237250242548 0.0391689570593262 25.8462971299471 2.67786793504464e-147 1.07280745213759e-142
LYSVW 25646.2062978745 1.13041641555391 0.0403484696928911 28.0163392603977 1.02752601949522e-172 4.11647473930177e-168
IIAFW 1553.13802582578 1.85057722217402 0.0469507046692414 39.4153236934563 0 0
KSCLS 106.214652758953 1.2265786182671 0.108507584144051 11.304081903056 1.25257359665308e-29 5.01806034291155e-25
LMRFQ 471.745315252593 1.01314562061128 0.0547433009332875 18.5072073356691 1.806254264333e-76 7.23621583377087e-72
LARRS 63.2957644838375 1.39986945041641 0.141169496876925 9.91623177375813 3.53864287633425e-23 1.41765110911703e-18
VRRYV 65.6998647419056 1.67393852110164 0.148319610670735 11.2860228902416 1.53841476955593e-29 6.16319724979496e-25
LMLVM 66.0881611572892 1.60381410667868 0.17911597226412 8.95405410475477 3.42660769877299e-19 1.37276757628244e-14
FLRMF 49.4547366061586 1.51505053062988 0.176175754746192 8.59965398083602 7.99567995416215e-18 3.20322930323644e-13
GRNFY 416.702825832241 1.05259586978302 0.053898316983687 19.5292901279571 6.18937867953042e-85 2.47958888659348e-80
TPKTF 149.612969460801 1.07346431780454 0.100095781313739 10.7243712343868 7.8217221722823e-27 3.13353833665973e-22
FWRRH 153.538545498318 1.60532747866453 0.101737686756424 15.7790837382408 4.33434261700177e-56 1.73642433922325e-51
WWRRA 54.0282533111389 3.48752191848556 0.224329602502445 15.5464186606738 1.68255120909149e-54 6.74063665386231e-50
LFYRR 19.3200290452027 2.67878267479119 0.336404783222043 7.9629743939255 1.67952227222771e-15 6.72850212699864e-11
FLALV 48.047126504908 1.68396936736234 0.216320924048247 7.78458845241784 6.99404980242249e-15 2.8019562318465e-10
KIAYN 79.8663798861867 1.01740648556868 0.123684194515876 8.22584073535838 1.93826424653165e-16 7.76507422445508e-12
FILLV 110.319991060971 1.05336323626449 0.133061119413322 7.91638640129328 2.44512931277399e-15 9.79567705283514e-11
WWKIL 69.2491430411398 1.78577132323442 0.171605897213846 10.4062351715634 2.32224681129735e-25 9.30338517541945e-21
RFRRC 132.625027654481 2.00616367032243 0.106826845621962 18.7795835273638 1.10946865080705e-78 4.44475330886318e-74
RLAYN 73.1985201049801 1.54644225198783 0.148711216499291 10.3989617487609 2.50649282968201e-25 1.00415115742721e-20
FSRRH 56.5475494822464 1.88351221205695 0.153290779421418 12.287185303422 1.06137605906799e-34 4.25208476783818e-30
VHRRF 1142.53046275602 2.83085134240288 0.0565110391992904 50.0937760570935 0 0
FSRSY 88.5645084389694 1.19008610067865 0.123315039835085 9.65077822032254 4.87840926891694e-22 1.9543883213135e-17
DIFTG 430.195065660357 1.08176237841729 0.0768179353912603 14.0821589763836 4.8892934391587e-45 1.95874873759576e-40
WLALL 365.173033953913 1.41572137531988 0.0676964212079759 20.9127949462871 4.09526597359501e-97 1.64064545434163e-92
YFALT 135.416596272527 1.33241109694895 0.119553465435151 11.1448973235467 7.58317065822643e-29 3.03796982909867e-24
RRYMR 24.3324180062941 2.44756257904221 0.264149339229625 9.26582889126419 1.93567932885598e-20 7.75471852726282e-16
SKRIG 23.939486693625 1.91101090215584 0.24467060580837 7.81054551216741 5.69409927084526e-15 2.28117004988603e-10
YCYLM 374.349251801636 1.16123669188369 0.062830938124786 18.4819250920208 2.88694397272144e-76 1.15656749435166e-71
RYVYS 76.9123396886058 1.06960535216031 0.128847509570732 8.30132732657238 1.02954605711349e-16 4.12456741400806e-12
RRRLL 459.90956913873 1.43564647478481 0.0582398185685359 24.650600054589 3.62599733545781e-134 1.45264705253111e-129
WLVYV 63.3236832677923 1.56085064329683 0.178996225312427 8.72001988071234 2.7815294676139e-18 1.11433633531548e-13
RMAYI 232.240689662586 1.05440771335962 0.076981945996842 13.6968181267186 1.060716290487e-42 4.24944160294903e-38
RKLWR 175.978798041935 1.4908612135369 0.0918717141651264 16.2276411960409 3.21581773024481e-59 1.28832089909068e-54
FYRVV 142.196799911443 1.07966230637828 0.12214589918335 8.83912037650666 9.64751307130721e-19 3.86498668662709e-14
YGRRF 39.4082291491738 2.43400932088567 0.223106231767495 10.9096429158564 1.03662729746831e-27 4.15293627911753e-23
LWSTG 644.255015721406 1.99005297930379 0.0580121870652727 34.3040502345597 6.82860205121762e-258 2.73567455375881e-253
LKRLL 221.024135044647 1.47283868595115 0.0805107520037808 18.2936893432816 9.29088169376833e-75 3.72211302415747e-70
HRVNR 86.4352875453364 1.85802688238393 0.130246119930007 14.2655065915393 3.58975635053035e-46 1.43812818914947e-41
LLAMS 65.2039145166058 1.75753111070726 0.160246972154135 10.9676400563548 5.46809725185821e-28 2.19062912103943e-23
AARRV 70.443943482031 2.17965352459944 0.147930278633815 14.734329879787 3.88027208557694e-49 1.55451460292384e-44
FFRYV 252.557989602347 1.07040140062161 0.0856270348535707 12.5007411789055 7.39585042651905e-36 2.96292559787206e-31
YVFLY 75.2525616064412 1.63485214383035 0.146125961044694 11.187965041546 4.67029070688258e-29 1.8710118629913e-24
INRRR 187.914712635863 1.05391822850608 0.0813913411171215 12.9487758039212 2.38730679541492e-38 9.56402848379125e-34
GMRRF 83.4460333241351 1.3222691028075 0.127663639479487 10.3574448307967 3.87166582254686e-25 1.55106676182872e-20
YLIVM 345.68632769203 1.46998701598742 0.0770543638506936 19.0772714551998 3.90099393975307e-81 1.56281619214387e-76
IEGSG 252.471745021262 1.55859356633234 0.0824661258518463 18.8998034069457 1.14478272504262e-79 4.58622855306575e-75
VRRAV 3090.29648645386 1.03786332028148 0.0339574787234115 30.5636154184186 3.72840700553637e-205 1.49367441455798e-200
MLVLG 49.871610195569 3.07112223801972 0.220318944811561 13.9394378483722 3.64802169656427e-44 1.46147045207758e-39
YFRKA 78.1023651881165 2.37968270900506 0.149481903528937 15.9195370999835 4.63795462699194e-57 1.85805738266551e-52
LLYLF 31.5214387319501 1.9301191480395 0.230069226286131 8.3892973397453 4.89056348943358e-17 1.95925754513688e-12
FLRKK 20.5804750763716 2.42759826438349 0.271228565995526 8.95037827403302 3.54266241517381e-19 1.41926141676693e-14
HYVYI 288.220845666598 1.07515270031103 0.081620473028462 13.1725859997909 1.26199790454837e-39 5.05581600520169e-35
GPKRV 134.564966890709 1.09228967987871 0.0962512858114533 11.3483126035158 7.56077148259631e-30 3.02899627135773e-25
FAMRL 1005.81145595467 1.28703270625845 0.0468681381372366 27.4607176092602 5.17453775103151e-166 2.07302331381825e-161
IYRRI 76.4836162694851 3.37197794451364 0.184547609825049 18.2715882785492 1.39335690497348e-74 5.58206643270476e-70
FSRQF 92.2254115565734 1.32021915673793 0.123667312834511 10.6755708236712 1.32440996387838e-26 5.30585119728958e-22
ILLCW 119.198925625687 1.37657359922208 0.122183128110412 11.2664786088806 1.92099966765638e-29 7.69590886856497e-25
MLAFS 72.6682068652898 1.11089465092936 0.142151222129926 7.814879353721 5.50156992444884e-15 2.20403894313269e-10
ERRVI 87.0561938281904 1.35070152674786 0.131856904337307 10.2436920807164 1.26321772953534e-24 5.06070286806449e-20
GMTFW 108.796960513111 1.05841439696473 0.105445709182545 10.0375293140893 1.0425264723332e-23 4.17656955346127e-19
LIALM 515.598473035187 1.09861780492007 0.066692490954434 16.4728860655493 5.74623035399425e-61 2.30205480441718e-56
IVRRK 69.8641493679427 1.41438421714046 0.145858281855194 9.69697571609024 3.10567724757132e-22 1.24419641892202e-17
NISNV 269.096112591371 1.05027875822103 0.067223753254115 15.6236256885394 5.02642558165459e-55 2.01368661652246e-50
FTMFS 311.666676264062 1.15977435960414 0.0626085082198716 18.5242292554103 1.31675203752532e-76 5.27517201273395e-72
KRLRS 15.0764371689374 2.32333569768012 0.304681805262477 7.62544942806353 2.43185635939495e-14 9.74250294700803e-10
LSFLW 118.501315603813 1.05174744027583 0.115177033771307 9.13157255259897 6.7511400919018e-20 2.7046417436177e-15
FRRRC 66.8822715835488 1.43402164106559 0.149589197536638 9.58639838090155 9.12135367296527e-22 3.65419670846335e-17
YLCSM 43.941933968985 1.77912618066213 0.191668209453249 9.28232274792595 1.65823487698737e-20 6.64322056418681e-16
YRRMR 14.9969531951952 3.87321399565787 0.489970894546692 7.90498790594749 2.67959614048457e-15 1.07349980580093e-10
WWVLT 239.286411104116 1.40054624141342 0.0865347179713991 16.1847900385638 6.45697621180306e-59 2.58679380997254e-54
TCRRA 721.845619701563 1.29983262682762 0.050705289124979 25.635050095539 6.20697654426216e-145 2.48663894316231e-140
WCMVS 203.593126050023 1.13772847941021 0.0998141877631881 11.3984645360187 4.25558359841057e-30 1.70487190119524e-25
YELFA 287.07647294729 1.43506298143647 0.0847504320293832 16.9328102178751 2.57773902123344e-64 1.03269380668654e-59
YLVLR 47.6250106051995 1.41833274275448 0.17047045197396 8.32010900617035 8.78824511634383e-17 3.52074675850966e-12
YRMMI 171.573401736049 1.23669800072493 0.0964314132636602 12.8246383504054 1.19342122512011e-37 4.78108411207618e-33
ARRVV 43.589253917042 2.88827415423565 0.214165287563589 13.4861918431953 1.88593044010434e-41 7.55541452914599e-37
YAIIF 23.818024328738 2.64148378137076 0.32258759937478 8.18842319571591 2.64670746669865e-16 1.06032394530881e-11
DRRFR 27.9510310005899 2.66162301049943 0.255011014702415 10.437286458412 1.67531149270751e-25 6.71163290208484e-21
GWNKV 145.29167860221 1.08322789998654 0.112285535044768 9.64708321116038 5.05737317488321e-22 2.02608484132171e-17
LGVHL 68.7846868835896 1.05828262144173 0.130978323562882 8.07983025476463 6.48569872245067e-16 2.59830062218819e-11
RRIRI 151.132378363601 1.72069288401464 0.109996678850722 15.6431348836433 3.70053178594227e-55 1.48250704408419e-50
YVMLI 65.3663424860334 1.26674517422059 0.165473862100317 7.65525840844055 1.92923912849246e-14 7.7289177965665e-10
LVWLY 83.7431640050963 1.42186295269396 0.154930794917925 9.17740694125522 4.4159681693634e-20 1.76912516801037e-15
LYCFV 304.893457042195 1.55237131461251 0.0823262902349573 18.8563253631626 2.60722521928598e-79 1.04450656735035e-74
TRRYV 70.0970473579983 1.58772518707882 0.136988526117076 11.5902056331483 4.62022004512911e-31 1.85095255447962e-26
FTRKV 19.1332342797211 3.06967653031453 0.335030401792841 9.1623820223115 5.07641695941602e-20 2.03371416228125e-15
RKLRR 26.3020172939895 3.10879668290205 0.285101199162393 10.9041866257857 1.10073257255833e-27 4.4097548321832e-23
LYAWT 40.3258591644189 1.71084892581281 0.204687964986182 8.35832690958799 6.36139641578879e-17 2.5485026320933e-12
VEKRV 266.323845438095 1.39513191475421 0.0723690919573999 19.2780077381025 8.21812713085124e-83 3.29234609116162e-78
RRRIM 463.496771483796 1.11679574096958 0.073002455876745 15.2980571346139 7.87732562305458e-53 3.15581419110813e-48
YVYLW 41.3832802416982 2.15113294973344 0.207661905237861 10.3588231422103 3.81628498278921e-25 1.52888008980501e-20
SKRVI 103.010633261296 1.94012236314466 0.139935377861304 13.8644165099379 1.04068915174069e-43 4.16920887970356e-39
MCCCA 97.5642359076504 2.13217571404523 0.154121089137453 13.8344189362927 1.5800808733147e-43 6.33011999467334e-39
FYVWS 935.43682325513 1.46963431178434 0.0524710020256706 28.0085047940451 1.28004513364038e-172 5.12811681439011e-168
NDYYV 263.242377232291 2.02106401809322 0.083083324533532 24.3257480299494 1.04712038311756e-130 4.19497367884555e-126
TIGGR 1410.42762313235 1.09068940324837 0.0414936949655749 26.2856659102849 2.79703724144584e-152 1.12054905966803e-147
LLLVL 95.7737513316364 1.8222354290668 0.149749812858373 12.1685322624756 4.57230191313781e-34 1.83175559244127e-29
VFVRV 362.018387415001 1.10373627805656 0.0752731701426034 14.6630768435228 1.11121180846894e-48 4.45173674708825e-44
RKFIL 721.977648360359 1.09174988904845 0.054496591138003 20.0333611011335 2.81969333853399e-89 1.12962554528349e-84
WKKAK 116.107743795929 1.1033165524653 0.10411251550554 10.5973479471504 3.06550138622401e-26 1.22810116534906e-21
IRKVR 279.346819469648 1.37356853017173 0.0849372355057177 16.1715709487538 8.00313161162494e-59 3.20621458624918e-54
KRYRS 292.117103737925 2.35215550843435 0.0806898170238698 29.1505867182538 8.21218989280227e-187 3.28996751485445e-182
WTLAY 294.967497427225 1.41831098443854 0.0848316871758185 16.7191179576449 9.51165615046082e-63 3.81055968699762e-58
MLLVW 177.761183826708 2.08999072384529 0.106353096843571 19.6514326885972 5.62038474038283e-86 2.25163853469217e-81
VFCKR 53.760671688893 1.9745293631603 0.175811033391374 11.2309752412682 2.87289889857272e-29 1.1509407567462e-24
MHKKL 44.2086036092234 1.43255628999374 0.166555825119195 8.60105786734589 7.89846449228186e-18 3.16428284489796e-13
SRKCS 231.544376059384 1.16644739844418 0.0811489829394884 14.3741468616308 7.51908983191971e-47 3.01229776846367e-42
RPKRS 1855.88540995728 1.29693790617103 0.0364940916728969 35.538298029054 1.25983373669281e-276 5.04714591593873e-272
KVNYE 992.722682381031 1.08253999450592 0.0519231474795305 20.8488900818788 1.55999179102632e-96 6.24963911320964e-92
YVRRV 39.1349480217088 2.17765719837697 0.226468193148175 9.61573088081359 6.86202656057798e-22 2.74906508069875e-17
LRRLL 83.5418644817222 1.2485968405249 0.128918818101547 9.68514029923391 3.48729396726995e-22 1.39707970916769e-17
LKVPS 19.8726130174712 2.14789411094822 0.269596568349942 7.96706769709402 1.62483665305441e-15 6.50942059946659e-11
LWVML 463.321641082293 1.34877017399027 0.0826813190098936 16.3128768401587 7.99375698868032e-60 3.20245892480511e-55
PKRAK 45.4432498255832 1.79282830259903 0.184593300697429 9.71231510474855 2.67197998963075e-22 1.07044862344587e-17
YCGTS 38.1416281129844 1.89660030596545 0.196593373666649 9.64732569868502 5.04543192232853e-22 2.02130093672326e-17
RSKKL 24.0235902328641 2.78164205782207 0.283838557104584 9.80008525338273 1.12490662491044e-22 4.50660092071621e-18
VICMR 40.9418861538212 1.35581158951565 0.166915311353346 8.12275146313873 4.55731961926178e-16 1.82575338586865e-11
HVKRL 105.210470503189 1.44013242306381 0.109702033448289 13.1276730047365 2.28572853174576e-39 9.15708564387986e-35
VIHCG 127.629214069974 1.13116772466633 0.105446556934552 10.7274031277135 7.56934890446608e-27 3.0324325581072e-22
CRMVH 143.616213759352 1.21517879682686 0.0989829092004797 12.2766526730957 1.20897598623383e-34 4.84339959604997e-30
RRFLG 480.763817649421 2.59570923363684 0.0672722781169154 38.5851246054972 0 0
RRFIW 40.982617786901 1.84794146537094 0.203715760127016 9.07117576086777 1.17739550664584e-19 4.71688187872458e-15
PRRLM 27.2371203437421 2.58957568836384 0.253954673138456 10.1969995525619 2.04492484409299e-24 8.19237791040534e-20
LYGVN 265.527878976602 1.04130165519956 0.0718886702100077 14.4849202545771 1.50897686674961e-47 6.0452631235723e-43
LIVLR 1967.74973396215 1.0432262831092 0.0431789718062673 24.1605170171693 5.78905322473128e-129 2.31921050289184e-124
RRFHG 21.9637156137022 2.03234988819537 0.253201061353965 8.02662468051122 1.00191003618142e-15 4.01385198695002e-11
NFSYD 331.907043797051 1.0962552634879 0.0705066946459638 15.5482435957684 1.63529288125093e-54 6.55131034086749e-50
VLVVW 1141.21009698503 2.18602148423963 0.0928171152215656 23.5519222830976 1.19969359936734e-122 4.80621249778546e-118
RRKRY 37.4657574134439 2.12304755658952 0.201473104007652 10.5376227117088 5.7945135457096e-26 2.32139801668218e-21
FCMRV 1809.20117530268 1.1751934449099 0.043502456682773 27.014415610585 1.00076217520078e-160 4.00925342628935e-156
INLMR 78.4146304567665 1.21618842299586 0.136364546742062 8.91865556005783 4.71982818691171e-19 1.89085756824057e-14
NSSFT 126.112777744098 1.0620025552877 0.102291890622614 10.3820796431043 2.991857205124e-25 1.19859783351678e-20
VRRFW 1132.91974094572 2.45108555839805 0.0519829383273463 47.1517316501639 0 0
RRLRG 140.329176157052 2.59369773585249 0.116375640271687 22.2872907921049 4.90808425924664e-110 1.96627671593939e-105
FYVFW 75.6360273817931 1.79411342805891 0.160362770746871 11.1878425379098 4.67674642489808e-29 1.87359815274267e-24
IRRFC 141.195160718609 1.37748481495249 0.0970359191380969 14.1956177381298 9.75232624845391e-46 3.90697694165561e-41
FHFTR 119.795087148725 1.12516063731661 0.105855667337281 10.629196013961 2.17983508393578e-26 8.73285531326351e-22
VARRV 380.219127282328 2.30519386839025 0.0722344492059499 31.9126662379308 1.78170125746594e-223 7.13785157766003e-219
LRLFL 641.042128884718 2.24298450901689 0.0592206168409074 37.8750615692257 0 0
YFLYI 254.643358444318 1.38459868821861 0.0994194282393978 13.9268421951146 4.35174513419235e-44 1.74339613566014e-39
MLVAY 135.634218201333 1.59010833416492 0.122575357709565 12.9724959720909 1.75229858341421e-38 7.020058584874e-34
MLLAF 108.494702280819 2.33880811537855 0.135679620122297 17.2377259994569 1.3837373246765e-66 5.54352847011901e-62
WYLVY 82.6487764395495 1.38726667845857 0.158657021116402 8.74380893260803 2.25380473148761e-18 9.02919251528566e-14
AMLIA 3271.16590168045 1.50867946839884 0.0465289946272044 32.4245017646857 1.23956364598236e-230 4.96593987853453e-226
WRRFR 26.5272866308601 3.20746533752075 0.304881357833967 10.5203721221534 6.95981591163476e-26 2.78824145051912e-21
SKKFW 877.289636504506 2.05445048034786 0.0524562567222703 39.1650226058856 0 0
IVLIW 77.8555176866788 1.43301415574663 0.155292875530303 9.22781647807787 2.7620475728098e-20 1.10653149861906e-15
TVRRV 72.7529361251283 1.08738228057229 0.137025027680731 7.93564722428587 2.09400429802346e-15 8.38900001874159e-11
LWLLV 87.3779595993324 1.12566654889548 0.143166615341962 7.86263296234778 3.76141958435179e-15 1.50689991388301e-10
LFSRK 1812.64414225758 1.02952830400121 0.0351883772099053 29.2576238415281 3.59169666633582e-188 1.43890551846746e-183
RRKRC 1571.43265583596 1.22224921963222 0.0392046455191323 31.1761324059351 2.24462511058493e-213 8.99241711802536e-209
SISLR 61.377458441983 1.42049794583497 0.142891242439223 9.94111270632393 2.75729777210059e-23 1.10462863345894e-18
YTYVW 2756.85342466798 1.18910393414979 0.0416497612055126 28.5500780732544 2.80268681951186e-179 1.12281239363284e-174
LMAML 68.2339748617881 1.80687930305339 0.158278260076811 11.4158400665798 3.48520174176678e-30 1.39624152178661e-25
FCMLL 108.121198591557 1.31574483256513 0.116458763079702 11.297946137936 1.34322767650174e-29 5.38123871760125e-25
ISKRK 80.4176676117144 1.89848303072865 0.137979032375349 13.759213976542 4.48375174737858e-43 1.79628062503481e-38
GINSY 14005.4406186099 1.04406682175032 0.0464015648597188 22.500681278891 4.08735858400282e-112 1.63747759592321e-107
ILIVM 117.254395649969 1.75590536388519 0.142460400155068 12.3255681015488 6.59768683894288e-35 2.6431653014173e-30
WVNAL 226.000254184887 1.02287504012537 0.0771580937475018 13.2568728754847 4.11708631715807e-40 1.64938712037987e-35
RRLTT 164.066179366064 1.0399295965603 0.0948764669703225 10.9608802874752 5.89234023285933e-28 2.3605893440881e-23
YFVLI 100.844590903259 1.48188908515761 0.134566887319088 11.0122862665592 3.33433308488754e-28 1.33580052046765e-23
TVVIR 78.0496006558849 1.09206360935117 0.139770508452716 7.81326204963053 5.57265673001639e-15 2.23251773917917e-10
LLLVR 191.639542523807 1.35823397888937 0.115976468541652 11.7112893328146 1.11569957407279e-31 4.46971563365042e-27
RIRKF 254.877187655582 1.65730511046287 0.0763099973492059 21.7180601236138 1.3850515895311e-104 5.54879367797948e-100
WSRRM 75.9350601374913 3.32166980842572 0.190470187917503 17.4393160669553 4.15010592384261e-68 1.66261543520983e-63
VSVKS 67.1044275918953 1.14857021651313 0.129525516735122 8.86752082110542 7.47923947240509e-19 2.99633291743493e-14
FKIFR 210.153430082271 1.54373887415059 0.0873769041325669 17.6675849239114 7.45195670319161e-70 2.98540289443262e-65
VGQEQ 496.101063778696 1.10614188231856 0.0589588739706895 18.7612450480052 1.56685994644873e-78 6.27715431746291e-74
ARRVA 16.0792999560825 2.65710053418617 0.324381218443314 8.19128970209013 2.58441674863207e-16 1.03536903783698e-11
LVRRA 351.486462979239 1.68514866486235 0.0669236924615 25.1801507490309 6.60943889177668e-140 2.64787340882357e-135
LIASL 154.934482074217 1.0531624080752 0.103912244459379 10.135113658207 3.85924505323444e-24 1.54609075322678e-19
RARRL 936.756225964363 3.38573018444399 0.0669043552103811 50.6055274547904 0 0
KRVSS 310.958764663872 1.49091547456524 0.0702665544220601 21.2179960555626 6.51417733864386e-100 2.6097097254075e-95
ARRCK 60.7411056909632 1.72073488286556 0.155792431711076 11.0450479780477 2.31643885019038e-28 9.2801173216327e-24
IRRYC 372.460675092135 1.24408391785959 0.0642182483299604 19.3727476256803 1.31072677524648e-83 5.25103360699244e-79
FAARY 73.2791915700989 1.13700897860239 0.136522430403234 8.32836754549495 8.19647064959076e-17 3.28367007163905e-12
PWEHT 422.037899731229 2.08259954064286 0.0738856754278731 28.1867835488068 8.49186445935546e-175 3.40201073970699e-170
LIVYV 49.4631387324476 1.7674265139305 0.198750551201179 8.89268735733706 5.96484646732581e-19 2.38963679174007e-14
WERRR 1805.03328740604 2.23485968141615 0.0491380288221859 45.4812644093511 0 0
AKRKF 130.440467064438 1.7560604317174 0.101855137789512 17.2407643819242 1.31289358281725e-66 5.25971427148246e-62
WWTIV 916.933984511399 1.12885167858153 0.0588763054837629 19.1732764022167 6.18856252612709e-82 2.47926191921704e-77
THTSD 55.5394093533535 1.8662866648281 0.169438371214588 11.0145455922998 3.25173239412579e-28 1.30270903173468e-23
IFRIL 153.683940289787 1.32120158367605 0.12568868182591 10.5116989412462 7.63063432604033e-26 3.05698472369828e-21
RTKRN 95.2230626337256 1.03153932705552 0.111986697111053 9.21126663850598 3.22298951008808e-20 1.29119405753148e-15
SRRVK 202.369010478257 3.62560086598197 0.120827664948769 30.0063803063581 8.10199159785667e-198 3.24581987393334e-193
RRRRF 1347.47608004785 2.09480244712099 0.109486281240613 19.1330130440483 1.34095029846339e-81 5.37211508570402e-77
FLRKR 54.7167431592215 1.1560874352996 0.150456284997666 7.68387598642048 1.54346083402978e-14 6.1834127932901e-10
CWRRY 43.4077519922808 1.62848102111064 0.180221828316544 9.03598102584087 1.62537888239568e-19 6.51159287865358e-15
VACRI 36.9082972477448 1.90943800823994 0.205949395054658 9.27139410986461 1.83728562988097e-20 7.36053369042914e-16
CTYFA 94.1852594135186 1.7726980977496 0.131438148356524 13.4869375437425 1.86695668213393e-41 7.47940185996495e-37
LLLVY 108.912100103426 1.94998118196621 0.137754713604377 14.1554588655778 1.7280607765257e-45 6.92295708291727e-41
IFRIW 134.620459513413 1.04216473613078 0.130956413743549 7.95810381743994 1.74695750136719e-15 6.99866114197724e-11
QRRMV 130.51309211837 1.03135995314359 0.100997424920589 10.2117450415644 1.75676503556964e-24 7.0379520854991e-20
RLASR 74.9044014513204 1.06662780886596 0.13659267523647 7.80882142486342 5.77252188600813e-15 2.31258771797258e-10
ISRKL 41.0851391753489 1.91474146858174 0.190871672060049 10.0315643904422 1.10747821454452e-23 4.43677922310825e-19
EWLGV 163.869876929985 1.0346458543283 0.101663617024758 10.1771497474492 2.50799881888465e-24 1.00475448682157e-19
VMLML 3029.90068445252 1.15041247796492 0.0383842518230012 29.9709496298051 2.34719819542726e-197 9.4033454105207e-193
MLIYI 196.494919063164 1.23383094101761 0.103890397457817 11.8762751053926 1.57218331929122e-32 6.29848081374447e-28
VILMA 352.871995105403 1.04497889674924 0.0599394872870707 17.4338978200544 4.56271767674713e-68 1.82791595565843e-63
IMILH 150.720297749978 1.08583673409965 0.105916871159558 10.251782574505 1.1618084960051e-24 4.65443719669561e-20
TVLSN 98.4850723600692 1.18752172308979 0.109897037568113 10.8057664643942 3.23246049869309e-27 1.29498832498642e-22
FGQFR 559.805566187337 2.19432293675654 0.062495922280103 35.1114577831449 4.50691508798317e-270 1.80556032254782e-265
LAMIY 185.24203494863 2.16103248301722 0.104784751002955 20.6235398026214 1.68748593621634e-94 6.76040615766992e-90
YAIEL 285.774422945125 1.00323129609714 0.0663245505155971 15.1260926504315 1.08976689531563e-51 4.36582413601346e-47
EYAWV 43.9164190433575 1.87165744189096 0.216796393889743 8.63324988165089 5.96329670879009e-18 2.38901592747548e-13
GKRAF 2018.5983865856 1.46734844188769 0.040436299471259 36.2879012440455 2.5107580527627e-288 1.00585989109779e-283
LVMLM 625.187708872065 1.476011268067 0.0645680932412116 22.8597623682794 1.16864359657638e-115 4.68181997660429e-111
FVRCG 1119.00232462294 1.07153145527068 0.0436985456701903 24.5209866561221 8.82375140049287e-133 3.53497128606545e-128
SLFAI 1806.19444540948 1.00292203744683 0.0510188087622238 19.6578881745556 4.94903678895065e-86 1.98268311838941e-81
FIDLN 74.7979853804901 1.97681748203469 0.150757566130307 13.1125590096489 2.79022192186872e-39 1.11781870633905e-34
YICYI 267.561246754867 1.3337206981904 0.0874387084473261 15.2532067533208 1.56742275926147e-52 6.2794090581533e-48
LIVAL 2392.55216632629 1.11010954902434 0.0454836569938162 24.4067786628342 1.44903937663451e-131 5.80514155067316e-127
LVLVY 71.7000583458731 1.47599669395862 0.16163538320442 9.13164348484224 6.74671740307485e-20 2.70286992601985e-15
FVRSV 1207.86600343214 1.07995235203161 0.0372202644794688 29.0151713625604 4.23491432440297e-185 1.69659137664232e-180
FAYNI 116.485309380793 1.21067246449527 0.128210666370157 9.44283731433027 3.62819124901342e-21 1.45352597817976e-16
LLLCG 270.154452650833 1.10379022475367 0.075421887626214 14.6348793366719 1.68273953836297e-48 6.74139113858974e-44
YFVWY 33.2518961096962 2.01285917445563 0.262381485328499 7.67149851269251 1.69998450527113e-14 6.81047792501719e-10
SKRFT 242.290622107901 2.35404254879517 0.0871529974152865 27.0104599796849 1.11377946737864e-160 4.46202330221229e-156
KLAFL 125.790583999857 1.44437304074655 0.119906550825589 12.0458226077028 2.04030808391956e-33 8.17388224579852e-29
FTDTT 26.7128027628936 2.31581799271367 0.293930932958569 7.87878284671759 3.30585443886445e-15 1.32439140529788e-10
VDTSL 33.2361651269281 2.72965665486818 0.282114679454016 9.67569876247119 3.82469850978728e-22 1.53225071699098e-17
ERRVR 40.4327732669396 2.70750235586513 0.225020545141027 12.0322451186324 2.4052970429424e-33 9.63610101343585e-29
