A1	A	286731	326352	345864	316505	323772	2
A1	C	173448	164350	182199	178748	191638	1
A1	D	234306	210962	224309	201934	216018	1
A1	E	182574	176550	179655	197103	157986	1
A1	F	312472	305636	357992	390809	341139	1
A1	G	457630	412344	432776	411160	400251	2
A1	H	199075	175144	203536	196092	226514	1
A1	I	309020	364143	290874	311792	302151	1
A1	K	268115	249508	207603	197192	193181	1
A1	L	672555	607602	668153	675658	656173	3
A1	M	234695	266225	244324	208613	257508	1
A1	N	262760	281283	282198	257822	257610	1
A1	P	206474	209260	211737	226647	259405	2
A1	Q	167192	157127	144246	124795	182885	1
A1	R	503698	582884	519751	563694	491221	3
A1	S	592059	645501	646920	635053	649903	3
A1	T	332938	350361	320592	335943	314785	2
A1	V	538913	509032	531146	555222	532005	2
A1	W	257213	210592	205336	208307	230256	1
A1	X	1914	1989	2116	1968	1530	1
A1	Y	321954	308891	314409	320679	329805	1
