A1	A	0.17929383250876677	0.20406897345212427	0.2162698908970851	0.19791161213188396	0.2024556910101399	
A1	C	0.19480156292292194	0.18458348822922271	0.20462991768710767	0.2007540575235601	0.2152309736371876	
A1	D	0.21544804782217303	0.1939828731003955	0.20625564927464005	0.18568148527533518	0.19863194452745628	
A1	E	0.204251634469519	0.1975123843789016	0.20098605163178457	0.22050571225281584	0.176744217266979	
A1	F	0.18294099463246935	0.17893876518692683	0.20959129954193326	0.22880445982782685	0.19972448081084374	
A1	G	0.21645938980049295	0.19503907223716643	0.204703426087228	0.19447903920278542	0.18931907267232723	
A1	H	0.1990031598592908	0.1750807958327044	0.203462550019443	0.19602123633368354	0.22643225795487829	
A1	I	0.1958326468016071	0.23076528219622555	0.18433313476723406	0.1975893230585939	0.19147961317633938	
A1	K	0.24033277190101462	0.22365383977576173	0.18609105960116493	0.17675885331557306	0.17316347540648566	
A1	L	0.20503844194502616	0.18523654928248512	0.20369642646459404	0.205984437864104	0.20004414444379068	
A1	M	0.19374424719221706	0.2197727357154945	0.20169313130229122	0.17221316448799495	0.21257672130200228	
A1	N	0.19584503824702443	0.20965093580924712	0.21033292016758182	0.19216455872630664	0.19200654704984002	
A1	P	0.18542409990633332	0.18792606888227725	0.19015054022233938	0.20354047469158698	0.2329588162974631	
A1	Q	0.2153856063485111	0.20241933925500324	0.18582535153205496	0.16076754117578856	0.23560216168864212	
A1	R	0.18927134938194412	0.21902656197393103	0.1953034816747631	0.21181565941994132	0.18458294754942042	
A1	S	0.1868026361788028	0.2036643112528538	0.20411202497857664	0.200367825695171	0.20505320189459575	
A1	T	0.20121731951585228	0.21174723607066037	0.19375578305337965	0.2030334475791708	0.19024621378093687	
A1	V	0.20211880203336585	0.19091196173899738	0.19920579615784764	0.2082354767885901	0.199527963281199	
A1	W	0.2313682419061189	0.1894317192346164	0.18470384202989285	0.1873763159977836	0.20711988083158828	
A1	X	0.20111379636440055	0.208994431018178	0.22233897236524114	0.2067878533151203	0.16076494693706	
A1	Y	0.20175868469635994	0.1935725037568824	0.19703046490087972	0.20095968135119927	0.2066786652946787	
