A2	A	768857	875792	925325	845449	865334	2
A2	C	459308	437103	482406	474623	506251	1
A2	D	623181	561441	598169	535564	571226	1
A2	E	487903	468569	479602	525377	419344	1
A2	F	838680	807335	956765	1047039	902337	1
A2	G	1235095	1103149	1165039	1095090	1070795	2
A2	H	527596	467995	542593	520026	605714	1
A2	I	824329	966198	776839	828308	802925	1
A2	K	713730	664260	548056	520151	513709	1
A2	L	1791445	1619052	1774049	1801865	1757340	3
A2	M	629273	711021	648636	557042	687030	1
A2	N	701880	751106	752421	688935	684972	1
A2	P	554755	565817	570600	611114	700256	2
A2	Q	445742	419875	385968	331807	490355	1
A2	R	1339728	1552589	1385872	1497173	1306870	3
A2	S	1573575	1720353	1724889	1695445	1728162	3
A2	T	890586	930625	856442	899629	841547	2
A2	V	1416507	1352784	1410548	1482561	1414126	2
A2	W	683761	565362	545841	551965	620540	1
A2	X	5664	5879	6086	5637	4746	1
A2	Y	862211	827501	837660	859006	880227	1
