AE1	A	40449	45708	49147	45102	45641	2
AE1	C	25082	23667	26194	25152	27348	1
AE1	D	32325	29167	30713	27572	29856	1
AE1	E	25456	24603	24416	26797	21597	1
AE1	F	44509	43548	50795	55909	48351	1
AE1	G	63702	58106	60321	57202	56071	2
AE1	H	28015	24470	28934	27934	31639	1
AE1	I	44232	51922	41462	43662	42558	1
AE1	K	38009	35876	29711	28107	27194	1
AE1	L	94621	85452	94060	95363	93194	3
AE1	M	33260	37424	34486	28892	36070	1
AE1	N	36979	39495	39352	35622	35534	1
AE1	P	28889	28939	29472	32300	36283	2
AE1	Q	23378	22035	20261	17585	25627	1
AE1	R	72359	83596	75217	80784	70702	3
AE1	S	81975	89771	90411	88239	90710	3
AE1	T	46813	49053	44996	47599	44581	2
AE1	V	74354	70814	74169	78468	74299	2
AE1	W	36758	29532	28979	29265	33437	1
AE1	X	300	325	317	310	242	1
AE1	Y	46139	44101	44191	45740	46670	1
