AE1	A	0.1789406627825187	0.20220573597526179	0.21741938623383633	0.19952487756970896	0.20190933743867426	
AE1	C	0.19680955407515516	0.1857065511640498	0.20553502350070227	0.1973588192368353	0.21459005202325745	
AE1	D	0.21602854985197115	0.19492357969164556	0.20525552518495252	0.1842641663269466	0.19952817894448416	
AE1	E	0.20718000472047465	0.20023765148247322	0.19871570534471672	0.2180940676655625	0.1757725707867729	
AE1	F	0.1830802263977097	0.17912731580506105	0.2089366218039422	0.22997219388594559	0.19888364210734147	
AE1	G	0.2156451208861145	0.1967014441337567	0.20419970074677896	0.19364120757476252	0.18981252665858728	
AE1	H	0.19869921697684975	0.17355594643667727	0.20521731729459827	0.19812471629596007	0.22440280299591467	
AE1	I	0.19760896370557016	0.23196447398988546	0.18523383191265033	0.1950624564413231	0.19013027395057094	
AE1	K	0.23920527133929526	0.2257814810852313	0.186982762418422	0.17688817284152628	0.17114231231552515	
AE1	L	0.20450193434048716	0.18468521040005187	0.20328945946530075	0.20610559986167845	0.2014177959324818	
AE1	M	0.19549526250205723	0.21997037594338514	0.20270143182940306	0.16982108010250865	0.21201184962264594	
AE1	N	0.19776769956466397	0.21122354023381928	0.21045876073632755	0.19051031650105357	0.1900396829641356	
AE1	P	0.1853248911042256	0.18564564448977758	0.18906487557976173	0.207206687066582	0.23275790175965308	
AE1	Q	0.21470161453263045	0.20236761383465277	0.186075344856088	0.16149918263137594	0.23535624414525283	
AE1	R	0.18909574607090404	0.218461393724945	0.19656455634012618	0.2111127952375228	0.18476550862650198	
AE1	S	0.1858396847923175	0.20351344121367654	0.20496433963718472	0.2000403531124038	0.20564218124441744	
AE1	T	0.20087795333030098	0.21048995460045827	0.19308107551428497	0.20425073591884724	0.19130028063610852	
AE1	V	0.19982048029583127	0.19030701094317717	0.19932330746242985	0.2108765291423903	0.1996726721561714	
AE1	W	0.23268827822828242	0.18694570522437662	0.1834450627013819	0.18525552158307537	0.2116654322628837	
AE1	X	0.20080321285140562	0.2175368139223561	0.21218206157965194	0.2074966532797858	0.16198125836680052	
AE1	Y	0.20339797479291663	0.19441370828024915	0.19481046195352691	0.2016390335080519	0.2057388214652554	
