AE2	A	0.18133077477615528	0.205110033049965	0.21454616373140722	0.1964418177829011	0.20257121065957143	
AE2	C	0.1936477507491299	0.18467059998635127	0.2036392513043856	0.20163536761649511	0.21640703034363815	
AE2	D	0.21299379128439783	0.19531891839646756	0.20798561388961662	0.18594098540786505	0.19776069102165292	
AE2	E	0.20367515970880998	0.1976860793344228	0.200431461397514	0.224585871341554	0.17362142821769921	
AE2	F	0.18358644013205572	0.1782365729929946	0.2097721233593687	0.22992511474353813	0.19847974877204283	
AE2	G	0.2179313676849906	0.19401967380038912	0.20373059309728583	0.1937599193722255	0.19055844604510896	
AE2	H	0.19966818330358713	0.17753869099989106	0.2027265947730491	0.19457921006398923	0.22548732085948345	
AE2	I	0.1957650268458015	0.23029650742925722	0.18501624005274964	0.19733495675715276	0.19158726891503888	
AE2	K	0.2407368521046132	0.22393794403363781	0.18638038527495712	0.17755345902516337	0.1713913595616285	
AE2	L	0.20342838010139375	0.18499961106470192	0.2036921796948718	0.20634708586000358	0.20153274327902895	
AE2	M	0.1946650493214016	0.2196713432357586	0.20315153457075505	0.1714324949076511	0.21107957796443366	
AE2	N	0.19646635545566066	0.2092564691547081	0.2132021801236611	0.19134537011880356	0.18972962514716657	
AE2	P	0.18693031276551886	0.1854773432276034	0.19066077434729492	0.20227196170997924	0.23465960794960358	
AE2	Q	0.21777185462666138	0.20277707740517956	0.1864135720203148	0.15860677880632496	0.23443071714151928	
AE2	R	0.1887689607569151	0.218856798936009	0.1956019882489604	0.21103574976009698	0.1857365022980185	
AE2	S	0.1871339828679788	0.20320669587392926	0.20401142134745745	0.20139497373526014	0.20425292617537436	
AE2	T	0.20106591676419328	0.21115592190012714	0.1938621380640055	0.2037197632418688	0.19019626002980525	
AE2	V	0.20175855488594352	0.1912217848656125	0.19900580811888705	0.20826863979783378	0.19974521233172315	
AE2	W	0.22918092431893008	0.19177465153260947	0.18321135004516825	0.18694426263777558	0.2088888114655166	
AE2	X	0.19672131147540983	0.2000555709919422	0.21922756321200335	0.2208946929702695	0.1631008613503751	
AE2	Y	0.20130700310340205	0.1948252574998883	0.19570678864904062	0.20079320619580646	0.20736774455186255	
