AE3	A	53381	60318	63261	58252	59798	2
AE3	C	31257	30067	33454	32410	34958	1
AE3	D	43082	39213	40790	36814	39293	1
AE3	E	33206	31900	33003	36503	28908	1
AE3	F	56607	54738	66037	73157	62137	1
AE3	G	86534	75368	79176	75288	73766	2
AE3	H	36208	32810	37303	35701	42058	1
AE3	I	57435	66257	53560	56821	55447	1
AE3	K	48078	45310	37154	35989	34727	1
AE3	L	121063	110429	121074	123079	119935	3
AE3	M	43068	48438	44583	37682	46040	1
AE3	N	48046	51094	51913	47337	46500	1
AE3	P	37338	38421	38911	41916	49105	2
AE3	Q	30334	29026	26412	22865	33261	1
AE3	R	91311	106791	95829	103013	89831	3
AE3	S	109125	118884	118866	116607	119420	3
AE3	T	61851	64103	59098	61762	58514	2
AE3	V	99756	93204	97114	100917	96621	2
AE3	W	46107	38911	37268	37283	42367	1
AE3	X	400	458	452	399	319	1
AE3	Y	58755	57202	57684	59147	59937	1
