AE	A	0.1807340010718143	0.2043358266253644	0.21510966011435728	0.19735168746844584	0.20246882472001818	
AE	C	0.19407382472469742	0.18508798734564016	0.20474440448197032	0.2002800822925569	0.2158137011551352	
AE	D	0.21448903073120373	0.19565299427748922	0.2065737443765482	0.18530099112916487	0.197983239485594	
AE	E	0.20421935528330026	0.19750212067067338	0.20046039473187668	0.22291407222914073	0.17490405708500895	
AE	F	0.18280534834432133	0.1775773366713746	0.20997877182516414	0.23100979147439787	0.19862875168474206	
AE	G	0.21850618210199713	0.1943404704388619	0.20361568459325094	0.19352699980487698	0.19001066306101305	
AE	H	0.19866754696596842	0.17690502575753805	0.20321885050673327	0.19513951816788438	0.22606905860187584	
AE	I	0.19684161122001048	0.2302550086045848	0.18505563071146572	0.19658025270791346	0.1912674967560255	
AE	K	0.23992707000043412	0.22463992128190524	0.18603727270215908	0.17774977275148945	0.17164596326401213	
AE	L	0.20360769768307344	0.1850448864919281	0.203501494431469	0.20637879933207973	0.20146712206144973	
AE	M	0.19517265650226817	0.21991648052361124	0.20297191950880003	0.1711000359184542	0.21083890754686632	
AE	N	0.19665887921753572	0.20949291501946135	0.21231840787345976	0.19169655972000052	0.18983323816954265	
AE	P	0.1851365587716295	0.18586741815691749	0.18992994284811293	0.20369380283915825	0.23537227738418184	
AE	Q	0.2160654335426389	0.2031702415151756	0.18626872111639736	0.15988221356739224	0.23461339025839587	
AE	R	0.18852060399479728	0.21891486891264342	0.196142249467941	0.21120914905180027	0.18521312857281805	
AE	S	0.1868913759343118	0.20346911974898008	0.2041807789374675	0.2007574448993843	0.20470128047985636	
AE	T	0.20143346066373732	0.21069310428580892	0.19361875952217977	0.2034410121663097	0.1908136633619643	
AE	V	0.202118156197136	0.19101400592214027	0.19911261235786945	0.20845154095890794	0.19930368456394632	
AE	W	0.22968133400197968	0.19101580858510406	0.18361562637022177	0.18597995636294895	0.20970727467974554	
AE	X	0.19772503861817162	0.21106586153630108	0.2187894958573234	0.21120629125122875	0.16121331273697515	
AE	Y	0.20158092360654667	0.19489645104710995	0.19588146431982337	0.20130312262825145	0.20633803839826856	
