C1	A	712270	874456	863441	616527	821043	2
C1	C	384049	382288	390099	348518	384578	1
C1	D	633117	496741	438817	496471	721868	1
C1	E	531338	499070	410252	407307	444225	1
C1	F	1349674	1130519	1869413	2362074	1654572	1
C1	G	940873	713839	707901	685841	726836	2
C1	H	473562	369922	386015	389994	518727	1
C1	I	1018627	1222386	787413	696039	827707	1
C1	K	504708	427641	370658	503205	449943	1
C1	L	1873894	1986553	2284143	2192520	1967764	3
C1	M	713027	954170	844492	689567	824901	1
C1	N	662323	568481	491490	511008	614100	1
C1	P	434758	431442	542774	433463	395298	2
C1	Q	429391	367325	299762	238665	398449	1
C1	R	964788	1014377	869480	984015	917750	3
C1	S	1398065	1673206	1511691	1519302	1786240	3
C1	T	1011032	1284384	991292	887062	697231	2
C1	V	1722245	1627817	1519373	1192605	1288543	2
C1	W	737428	556661	543752	565283	627953	1
C1	X	12540	12802	10835	10113	8156	1
C1	Y	978233	891862	1352849	1756363	1410058	1
