C1	A	0.1832094094842321	0.2249267375853871	0.2220934698000405	0.15858248641819137	0.211187896712149	
C1	C	0.20325085788438618	0.20231888107743082	0.20645270892474962	0.18444673072485673	0.20353082138857664	
C1	D	0.22716678136528917	0.1782341244069818	0.15745059048860177	0.17813724652979857	0.2590112572093287	
C1	E	0.2318034440395918	0.21772608926302858	0.17897802627354079	0.17769322988650166	0.19379921053733717	
C1	F	0.16132361301093967	0.13512849003352995	0.22344689115269298	0.28233359454149837	0.197767411261339	
C1	G	0.24921873551435783	0.18908189834423317	0.18750903904070945	0.18166577931761532	0.19252454778308423	
C1	H	0.22147487162219043	0.17300464872651083	0.18053100242257578	0.1823918960630805	0.24259758116564245	
C1	I	0.22376724781049573	0.268528078464522	0.17297523028567463	0.15290261440033462	0.18182682903897304	
C1	K	0.22370271546059556	0.18954415809197506	0.16428747138383665	0.22303653782652344	0.19942911723706927	
C1	L	0.18184540635819516	0.19277800000271716	0.22165656756210703	0.21276533803324524	0.19095468804373542	
C1	M	0.17709865760326782	0.23699274519100968	0.20975138326697146	0.17127176113599146	0.20488545280275955	
C1	N	0.23260607388770535	0.19964901338132093	0.1726099792020937	0.17946464882724672	0.21567028470163327	
C1	P	0.19428484606086066	0.1928029905239003	0.2425550836001582	0.1937061358918728	0.17665094392320807	
C1	Q	0.24768861416065602	0.21188664922311592	0.17291381132354094	0.1376708014342475	0.22984012385843958	
C1	R	0.20309573278938028	0.21353462122216818	0.1830326224473256	0.20714317290507556	0.19319385063605035	
C1	S	0.177228153779221	0.21210688363725239	0.19163215230669844	0.1925969740270145	0.22643583624981364	
C1	T	0.2075614437361027	0.2636796830877267	0.2035088886247406	0.18211082280623633	0.14313916174519364	
C1	V	0.23430046297008006	0.22145413499854366	0.20670101949736505	0.1622463143399646	0.17529806819404664	
C1	W	0.24328910153057806	0.18365122364096986	0.1793923414020825	0.18649575711867433	0.20717157630769525	
C1	X	0.2303199500422437	0.23513205745141977	0.1990045182382544	0.1857436726297616	0.14979980163832055	
C1	Y	0.15310332090904183	0.13958538915839055	0.21173449943773756	0.2748885061348037	0.22068828436002638	
