C2	A	0.18394000627791937	0.2252805030822235	0.2206207486939787	0.16104151326272031	0.2091172286831581	
C2	C	0.2009669195385936	0.20083321503106075	0.20689671444767652	0.18555157631715652	0.2057515746655126	
C2	D	0.227232510822534	0.17763201938335524	0.15813833670117702	0.17546697701172204	0.2615301560812117	
C2	E	0.23244107092210523	0.21726507692088526	0.1756996957872557	0.1808877598726684	0.19370639649708543	
C2	F	0.16154969827377658	0.13504127143204575	0.22458440057659826	0.2861852273731957	0.1926394023443837	
C2	G	0.24339966383877956	0.18822386387442738	0.190095002569397	0.18280692014329086	0.19547454957410523	
C2	H	0.21734614151008377	0.17282237455915944	0.1823335381138807	0.18465453892720504	0.24284340688967107	
C2	I	0.2243942693045974	0.2691867342613831	0.17329240577724556	0.15355784750457402	0.17956874315219987	
C2	K	0.22664534036150605	0.19146790761067725	0.16545590301328172	0.2188651325236049	0.19756571649093008	
C2	L	0.18232901268363336	0.19333111841596484	0.22220330527031565	0.21011910436467734	0.19201745926540884	
C2	M	0.17947630079256757	0.23467206318990494	0.21224397941958192	0.1682565533486579	0.20535110324928765	
C2	N	0.23015750137960714	0.19860682294890866	0.17755020542253458	0.18050482636335557	0.21318064388559405	
C2	P	0.18894362178714152	0.19318681087604744	0.23676918650756354	0.195630197054364	0.1854701837748835	
C2	Q	0.24303172430292147	0.2092249794328012	0.1749857692132351	0.13963026303847478	0.23312726401256742	
C2	R	0.20327131371483256	0.21162407646807577	0.18267970419373922	0.20738213439522657	0.19504277122812586	
C2	S	0.17726801042255838	0.21130558745384395	0.19028694232840418	0.19556083773947777	0.22557862205571572	
C2	T	0.20631714216121386	0.26155371091087204	0.20371108605118673	0.183557869815707	0.14486019106102038	
C2	V	0.23288739581239587	0.22139705265690965	0.20542326348016926	0.16472503197765856	0.17556725607286663	
C2	W	0.24224598418322418	0.18515225247159176	0.1782136993703635	0.18455946362691	0.2098286003479106	
C2	X	0.22916496723495663	0.2364385349539114	0.19652228294858198	0.18221986567691764	0.1556543491856323	
C2	Y	0.15535859480865147	0.1394792057236496	0.2120451037873047	0.2729089181959213	0.22020817748447294	
