C2	A	970986	1189215	1164617	850109	1103892	2
C2	C	511043	510703	526122	471843	523210	1
C2	D	848563	663338	590542	655253	976642	1
C2	E	717924	671051	542671	558695	598287	1
C2	F	1759625	1470891	2446209	3117175	2098259	1
C2	G	1308225	1011666	1021723	982551	1050637	2
C2	H	624788	496799	524140	530812	698083	1
C2	I	1357448	1628415	1048313	928931	1086281	1
C2	K	702407	593387	512772	678295	612285	1
C2	L	2492060	2642436	3037059	2871893	2624481	3
C2	M	959420	1254478	1134585	899443	1097738	1
C2	N	890446	768381	686916	698347	824765	1
C2	P	593033	606351	743142	614020	582131	2
C2	Q	581075	500245	418381	333848	557394	1
C2	R	1354921	1410597	1217666	1382322	1300073	3
C2	S	1893955	2257617	2033051	2089398	2410112	3
C2	T	1354412	1717024	1337304	1205004	950965	2
C2	V	2338148	2222787	2062413	1653810	1762664	2
C2	W	961156	734626	707096	732274	832534	1
C2	X	16856	17391	14455	13403	11449	1
C2	Y	1280750	1149843	1748064	2249815	1815359	1
