C3	A	755116	937258	916069	659433	870011	2
C3	C	390479	391933	401994	357850	399175	1
C3	D	668162	503262	440752	500645	781096	1
C3	E	562429	521609	406189	425630	479554	1
C3	F	1382016	1148084	1985064	2581346	1673960	1
C3	G	996104	757909	770892	741641	793598	2
C3	H	483267	375770	396941	408655	536991	1
C3	I	1089789	1310917	809318	707021	846772	1
C3	K	536966	452909	397306	528935	479939	1
C3	L	1946010	2098043	2418181	2233946	2098645	3
C3	M	760139	999907	910422	704483	869335	1
C3	N	691836	583426	519140	533702	634366	1
C3	P	454347	469462	584003	474625	443684	2
C3	Q	452536	388074	318766	255611	438619	1
C3	R	1044899	1084189	939028	1066950	1009349	3
C3	S	1464345	1754667	1550615	1639741	1914170	3
C3	T	1083114	1405390	1080499	951085	742372	2
C3	V	1895652	1784696	1634104	1267336	1351953	2
C3	W	749142	565780	540630	551409	634968	1
C3	X	12721	13520	11137	10205	8864	1
C3	Y	1006340	878604	1394359	1825160	1417988	1
