C3	A	0.18248830864641785	0.22650642707256144	0.22138569757946508	0.15936467090570622	0.21025489579584944	
C3	C	0.20112947614414317	0.20187840824628844	0.20706066813602955	0.1843228010678721	0.20560864640566676	
C3	D	0.23088499082731123	0.17390339805875565	0.15230291677335597	0.17299908739607944	0.2699096069444977	
C3	E	0.2347943630550248	0.2177534460683365	0.16956964796437857	0.17768558297511367	0.20019695993714648	
C3	F	0.15757604780587586	0.13090336093732718	0.22633496266448663	0.29432242513799145	0.19086320345431887	
C3	G	0.2453371111960561	0.18667047277140908	0.18986814260774987	0.18266371833117248	0.19546055509361243	
C3	H	0.2195047837414563	0.17067855364948784	0.18029463704974147	0.18561525492091294	0.24390677063840147	
C3	I	0.22876382531067	0.2751820651381025	0.16988855785182344	0.1484148110643209	0.17775074063508317	
C3	K	0.22410420461967692	0.1890227895436457	0.16581672791317395	0.22075244516507342	0.20030383275843	
C3	L	0.18027249168004114	0.19435636983461982	0.22401298770475667	0.2069460134833126	0.19441213729726975	
C3	M	0.17909702597798546	0.23558897774560902	0.21450533729348117	0.1659838663087266	0.20482479267419773	
C3	N	0.23353350413675075	0.19693904073290194	0.17523890537288142	0.18015439818799853	0.21413415156946736	
C3	P	0.18727301729798307	0.19350312700809233	0.24071470466642017	0.19563121542577638	0.18287793560172802	
C3	Q	0.24413818254796327	0.20936164427607593	0.17197074243393687	0.13789931625167376	0.23663011449035015	
C3	R	0.20311327915807725	0.21075068788190687	0.18253348534284267	0.2073996751817262	0.19620287243544698	
C3	S	0.1759281930352213	0.2108078319579967	0.18629277598059862	0.19700048224685224	0.2299707167793311	
C3	T	0.20581895159298122	0.2670595120913033	0.20532203570193408	0.18073011481322424	0.14106938580055717	
C3	V	0.23893545302272912	0.22495012126057556	0.2059689117655845	0.15974002680450497	0.17040548714660586	
C3	W	0.24627202015563152	0.18599382168354356	0.17772604160057648	0.18126951680989267	0.20873859975035577	
C3	X	0.2253618438535263	0.23951671479440892	0.19730012223856006	0.18078905876308748	0.1570322603504172	
C3	Y	0.15428862554889258	0.1347045765464547	0.21377837871070246	0.27982732258164916	0.21740109661230111	
