C	A	0.18327501572219146	0.22555840932235946	0.2212890084913739	0.15980142874075975	0.21007613772331543	
C	C	0.20169350430600871	0.20159199634006517	0.20681502832495854	0.1848497713482078	0.2050496996807598	
C	D	0.22833569598489434	0.17666420364622615	0.156141157517645	0.1754988625391372	0.2633600803120973	
C	E	0.23297803267418368	0.21755140761636324	0.17477772972536437	0.17895970425775676	0.19573312572633195	
C	F	0.160238826516121	0.13377251842483473	0.22479263442589806	0.28758176253986023	0.193614258093286	
C	G	0.2456581396426226	0.1879916452665948	0.1892862474220748	0.18243678614068667	0.19462718152802114	
C	H	0.2192285610605137	0.1722221713984098	0.18117709612880564	0.18427711766886143	0.24309505374340942	
C	I	0.2255632256859041	0.2708503670297188	0.17214312411599142	0.15176920162778954	0.1796740815405961	
C	K	0.22500334135085526	0.19015214886272802	0.1652273486084241	0.22066268147147416	0.19895447970651844	
C	L	0.18154715645254832	0.19348550323881744	0.2226031353073612	0.2099182319829239	0.19244597301834915	
C	M	0.17865502966449956	0.23564407947146715	0.21221183117905873	0.1684397015975271	0.20504935808744745	
C	N	0.23191118005498038	0.19840295113189987	0.1753893874680007	0.1800915554287253	0.21420492591639376	
C	P	0.18995600531263374	0.19317508814124848	0.23965537858026362	0.19507870072449549	0.18213482724135868	
C	Q	0.2447252415090243	0.2100392078406983	0.17345007419530586	0.1385253375589502	0.23326013889602135	
C	R	0.20317185498614648	0.2119008087000776	0.1827355178050004	0.20731903641964292	0.1948727820891326	
C	S	0.17684168845570047	0.21138656333103126	0.18944541370659582	0.19513707804176617	0.22718925646490626	
C	T	0.20652311001744503	0.2639090391342285	0.20415979715142438	0.18224458129244103	0.1431634724044611	
C	V	0.23519233383032936	0.22252675371560407	0.2059650896026267	0.16244381942830372	0.17387200342313616	
C	W	0.24378060795012935	0.1849540848379773	0.17842176614918573	0.1841472679373095	0.20869627312539812	
C	X	0.22834201694795794	0.23699490910668106	0.19749304678308674	0.18282216571698104	0.15434786144529322	
C	Y	0.1543475838862314	0.13803921950484427	0.21248567817377553	0.2756397854435745	0.2194877329915743	
