C	A	2438372	3000929	2944127	2126069	2794946	2	
C	C	1285571	1284924	1318215	1178211	1306963	1	
C	D	2149842	1663341	1470111	1652369	2479606	1	
C	E	1811691	1691730	1359112	1391632	1522066	1	
C	F	4491315	3749494	6300686	8060595	5426791	1	
C	G	3245202	2483414	2500516	2410033	2571071	2	
C	H	1581617	1242491	1307096	1329461	1753801	1	
C	I	3465864	4161718	2645044	2331991	2760760	1	
C	K	1744081	1473937	1280736	1710435	1542167	1	
C	L	6311964	6727032	7739383	7298359	6690890	3	
C	M	2432586	3208555	2889499	2293493	2791974	1	
C	N	2244605	1920288	1697546	1743057	2073231	1	
C	P	1482138	1507255	1869919	1522108	1421113	2	
C	Q	1463002	1255644	1036909	828124	1394462	1	
C	R	3364608	3509163	3026174	3433287	3227172	3	
C	S	4756365	5685490	5095357	5248441	6110522	3	
C	T	3448558	4406798	3409095	3043151	2390568	2	
C	V	5956045	5635300	5215890	4113751	4403160	2	
C	W	2447726	1857067	1791478	1848966	2095455	1	
C	X	42117	43713	36427	33721	28469	1	
C	Y	3265323	2920309	4495272	5831338	4643405	1	
