E1	A	629817	715515	807203	670186	706629	2
E1	C	351268	347855	346593	341330	384596	1
E1	D	420530	398222	403165	349498	360629	1
E1	E	381277	365541	338531	334571	255174	1
E1	F	1206333	992628	1071580	1042285	1135646	1
E1	G	798404	706404	741749	692863	667319	2
E1	H	393149	352687	380379	380007	506522	1
E1	I	851458	1128173	1015896	1464284	1018760	1
E1	K	525250	466166	371612	353245	370843	1
E1	L	1953336	1782581	1835138	1635644	1739003	3
E1	M	772073	854943	673145	497190	663378	1
E1	N	484944	520689	493103	507513	475773	1
E1	P	446423	455238	616486	448989	438137	2
E1	Q	404876	394115	339472	246287	363673	1
E1	R	1200544	1231755	1003456	1027639	1085312	3
E1	S	1148078	1418779	1487223	1342052	1471121	3
E1	T	658978	770314	757173	845270	768542	2
E1	V	1270170	1324574	1686246	2287659	1616561	2
E1	W	783708	572620	557310	547026	778753	1
E1	X	16196	18739	14279	12526	10668	1
E1	Y	1063495	942769	820568	734243	943268	1
