E1	A	0.1784512728972757	0.20273279782396192	0.22871151911825124	0.18988935639707027	0.20021505376344087	
E1	C	0.19827256296701026	0.19634610152615484	0.19563376799601725	0.19266307752920736	0.21708448998161028	
E1	D	0.217660674394579	0.20611435350333637	0.20867278384964316	0.18089546614880406	0.1866567221036374	
E1	E	0.22761528606752815	0.21822118639312182	0.20209671815432448	0.19973267171872144	0.1523341376663041	
E1	F	0.22140757996003282	0.1821846565422379	0.19667532475160007	0.19129858793437868	0.20843385081175053	
E1	G	0.22136450683013104	0.19585670047097947	0.20565641151189482	0.19210233953718303	0.18502004164981165	
E1	H	0.19532985814390702	0.17522695385006737	0.18898528575914275	0.18880046344691626	0.2516574387999666	
E1	I	0.1554160747391975	0.20592468364469493	0.18543083588767947	0.26727480578420904	0.18595359994421903	
E1	K	0.2516630604144667	0.22335414035444126	0.17805047730935894	0.16925029562324279	0.17768202629849036	
E1	L	0.21835469144847436	0.19926675402332875	0.2051418658926935	0.18284132424710772	0.1943953643883957	
E1	M	0.22309548074986513	0.24704130256948753	0.19450959609955012	0.14366626222394183	0.1916873583571554	
E1	N	0.19538263560919283	0.20978420014004712	0.19866987480368828	0.20447562511532935	0.19168766433174242	
E1	P	0.18560180071035595	0.18926666536397324	0.25630604093589376	0.1866686234784991	0.18215686951127794	
E1	Q	0.2315663886828302	0.22541169957155677	0.19415896496442794	0.14086236568610686	0.20800058109507824	
E1	R	0.21636468034168688	0.22198959541197533	0.18084504747593402	0.18520336092775505	0.19559731584264872	
E1	S	0.1671815498861044	0.20660065968153496	0.21656738145514662	0.19542777876393952	0.2142226302132745	
E1	T	0.17340262301932202	0.20269943480435768	0.19924152897275646	0.22242326019919073	0.2022331530043731	
E1	V	0.15517866982032227	0.16182529220386527	0.20601133019189488	0.2794869038179839	0.19749780396593367	
E1	W	0.2419287174204494	0.17676637493721864	0.17204021587835094	0.16886557056408608	0.24039912119989493	
E1	X	0.22367694177438957	0.2587973704563032	0.19720196663352116	0.17299193459286266	0.14733178654292342	
E1	Y	0.2361043552855544	0.20930222232187912	0.1821726276173906	0.16300779048131991	0.20941300429385595	
