E2	A	0.17397975676084448	0.2033653717834276	0.2326788236817626	0.18997308216611952	0.2000029656078458	
E2	C	0.20108473389945944	0.19717089455229042	0.19365638561431264	0.19162561991530985	0.21646236601862767	
E2	D	0.21863869727205548	0.2077354307800041	0.20900016636167026	0.1790353344449904	0.18559037114127974	
E2	E	0.23323512147557157	0.22426624917826773	0.2021817817003852	0.19322963005986876	0.1470872175859068	
E2	F	0.2216263543564124	0.1819083437510662	0.19623830045437107	0.18911431392816316	0.21111268750998716	
E2	G	0.2221796227330675	0.19618863555788424	0.20607806164655043	0.1932247987592463	0.18232888130325153	
E2	H	0.19733583984117642	0.17640169716348814	0.18709347575919955	0.18745188295545384	0.251717104280682	
E2	I	0.15151940178222037	0.20309306445019756	0.1849028177353087	0.2736870102154967	0.18679770581677665	
E2	K	0.2533071148263018	0.22648039888039034	0.1751922489395816	0.16590942232107544	0.17911081503265078	
E2	L	0.2222927403031877	0.1995698615747902	0.20403150119385327	0.17965239800923016	0.19445349891893865	
E2	M	0.22437258343578015	0.24953243566197328	0.19480960545395215	0.14073256180652774	0.19055281364176668	
E2	N	0.19653498020541352	0.2092707479739417	0.196347409353455	0.20614886560665688	0.19169799686053288	
E2	P	0.1883922595319469	0.18849088119791266	0.26488565217648835	0.18465796347740587	0.1735732436162462	
E2	Q	0.23580937834365515	0.22797314336400049	0.1947245325346348	0.13858970840343823	0.20290323735427132	
E2	R	0.21869696343085884	0.22639659111060378	0.17892604176486068	0.18129352184403427	0.19468688184964242	
E2	S	0.1640604380216789	0.2073545809569181	0.2199284052708106	0.19539263942525803	0.21326393632533439	
E2	T	0.169613128615693	0.20175068486392764	0.2007712612902167	0.22569046023634876	0.20217446499381392	
E2	V	0.15057130561272297	0.15746580303017457	0.20651793222591186	0.28630864549065094	0.19913631364053966	
E2	W	0.2435587275724187	0.17425030398339164	0.1696933921097646	0.16765625124863465	0.2448413250857904	
E2	X	0.22922003267512456	0.25809314427479374	0.1998124205812945	0.16976945884346195	0.14310494362532525	
E2	Y	0.23947598573669415	0.2107343750211428	0.18113788007655168	0.15803255145355127	0.21061920771206008	
