E2	A	879987	1028619	1176886	960881	1011612	2
E2	C	501037	491285	482528	477468	539353	1
E2	D	565122	536940	540209	462758	479701	1
E2	E	530059	509676	459486	439141	334276	1
E2	F	1805804	1482183	1598943	1540897	1720139	1
E2	G	1062233	937971	985252	923801	871708	2
E2	H	561603	502026	532454	533474	716368	1
E2	I	1249889	1675322	1525270	2257654	1540901	1
E2	K	748693	669402	517811	490374	529393	1
E2	L	2936524	2636351	2695290	2373238	2568763	3
E2	M	1146902	1275509	995788	719368	974029	1
E2	N	670586	714041	669946	703389	654082	1
E2	P	636114	636447	894397	623505	586077	2
E2	Q	592846	573145	489555	348427	510117	1
E2	R	1737674	1798852	1421671	1440482	1546900	3
E2	S	1587562	2006506	2128179	1890754	2063689	3
E2	T	914545	1087829	1082548	1216911	1090114	2
E2	V	1811661	1894615	2484806	3444841	2395991	2
E2	W	1158169	828594	806925	797238	1164268	1
E2	X	22729	25592	19813	16834	14190	1
E2	Y	1592801	1401635	1204783	1051105	1400869	1
