E3	A	627033	732474	842472	683084	730623	2
E3	C	361003	352971	350333	348950	387671	1
E3	D	408038	390572	391120	337874	348498	1
E3	E	382279	366852	328889	319984	245842	1
E3	F	1295978	1069046	1141342	1100992	1240472	1
E3	G	772604	682841	716407	675490	627536	2
E3	H	399577	360361	385414	384542	517486	1
E3	I	900393	1207304	1087762	1617146	1102672	1
E3	K	539589	483653	381708	358506	386363	1
E3	L	2095875	1892063	1935565	1706537	1839558	3
E3	M	830038	915362	715144	512533	695537	1
E3	N	485533	521270	489985	511062	481913	1
E3	P	444959	454558	650537	449795	425226	2
E3	Q	412884	411992	351816	250895	368735	1
E3	R	1251915	1283730	1033104	1050230	1103981	3
E3	S	1144336	1445344	1526346	1369404	1487460	3
E3	T	654183	775427	772437	860431	790160	2
E3	V	1310127	1344533	1757162	2434232	1679270	2
E3	W	824810	584569	566574	561196	823842	1
E3	X	20934	24070	18753	16287	14262	1
E3	Y	1139657	1002753	858875	752575	1004638	1
