E3	A	0.1734202029711651	0.202582303883689	0.23300474654049053	0.1889223787685103	0.20207036783614507	
E3	C	0.20045387711224436	0.19599395422804244	0.1945291538584552	0.19376121643952451	0.2152617983617335	
E3	D	0.2174924391104535	0.2081827107481363	0.20847480574083926	0.18009361964328166	0.18575642475728932	
E3	E	0.2325515893824604	0.22316689032914275	0.2000728778729881	0.19465570375813793	0.14955293865727082	
E3	F	0.22161690746824037	0.1828107178218245	0.19517359430763206	0.18827359892472934	0.21212518147757373	
E3	G	0.22233989222067652	0.19650790617684996	0.20616752588148418	0.19439243622366023	0.1805922394973291	
E3	H	0.1951650401977161	0.17601080405200792	0.18824741865213102	0.18782150846447654	0.2527552286336684	
E3	I	0.15221484978640898	0.2040993177496168	0.183890289499545	0.2733846614452713	0.18641088151915794	
E3	K	0.2509927579949754	0.224973823377689	0.17755355218276517	0.16676101569480967	0.1797188507497608	
E3	L	0.22132671312974425	0.1998039409909481	0.20439780020228948	0.18021219063364674	0.19425935504337144	
E3	M	0.2262538386431497	0.24951166843936157	0.19493574412571069	0.13970752987367982	0.18959121891809821	
E3	N	0.19501173404858213	0.2093653090675699	0.1967998560505558	0.2052653204341136	0.19355778039917856	
E3	P	0.183482572703937	0.18744080079997527	0.2682543838850345	0.18547673783285054	0.17534550477820274	
E3	Q	0.22984965947085212	0.2293530892568259	0.1958535273742681	0.13967150655617422	0.2052722173418797	
E3	R	0.21875305785817128	0.22431224401358738	0.18051917189706027	0.1835116792708668	0.19290384696031423	
E3	S	0.16411215435780574	0.207280481980929	0.2188971861021757	0.1963897322344107	0.21332044532467886	
E3	T	0.16980131535846346	0.20127170006629225	0.20049560846360337	0.22333554307464132	0.20509583303699958	
E3	V	0.15367474596859895	0.15771048701492166	0.2061108762552602	0.2855295587592917	0.19697433200192743	
E3	W	0.24540678627226314	0.17392757076707435	0.16857349513878497	0.1669733718418169	0.24511877598006065	
E3	X	0.2219795134986109	0.2552329650287362	0.19885267109197718	0.17270375161707632	0.15123109876359936	
E3	Y	0.23949931259821902	0.21072888966224215	0.18049287821493254	0.15815389646060585	0.21112502306400044	
