E	A	0.175107213205648	0.20295040056064806	0.2316279714670654	0.18963754958710635	0.20067686517953218	
E	C	0.2000758215249031	0.19658041294862785	0.194493259750066	0.1925629274957905	0.21628757828061254	
E	D	0.21800673124271455	0.20737677377130417	0.20874704905898378	0.17990807267339456	0.18596137325360293	
E	E	0.23135061336889157	0.22213210653593674	0.20153631050125742	0.19559702109136276	0.14938394850255152	
E	F	0.22156221051880173	0.18225715671065632	0.19604055035653695	0.1894735250511873	0.21066655736281767	
E	G	0.22197873953579414	0.1961812360917716	0.20597606827923298	0.19322555578540995	0.18263840030779133	
E	H	0.19610764418265783	0.1759434374126219	0.18798693724878002	0.18795450191563948	0.25200747924030076	
E	I	0.15281564560479	0.20418585173134454	0.1847451728575091	0.2718075410922347	0.18644578871412162	
E	K	0.2521383064390552	0.22512293176550147	0.17672741236558423	0.1671333958419533	0.1788779535879058	
E	L	0.220889551477281	0.19955421368336518	0.20445526399516137	0.18072204849092185	0.19437892235327062	
E	M	0.22457533690838588	0.24882192452719518	0.1947625913338838	0.14125476811868762	0.19058537911184756	
E	N	0.1957414684865352	0.20945083684316557	0.19716933634977526	0.2053911166365631	0.19224724168396087	
E	P	0.18612365612885176	0.1884079568284592	0.2633665769534079	0.18548918908117182	0.1766126210081093	
E	Q	0.23281802524742792	0.22764310300577587	0.19489604849777226	0.13956626975317862	0.20507655349584533	
E	R	0.21804025498972407	0.22450340826689777	0.179954566848682	0.1830830069554715	0.19441876293922464	
E	S	0.16498718173488752	0.2071124543002878	0.21864117502556574	0.19569854495288544	0.2135606439863735	
E	T	0.17077267662931198	0.20188561596128804	0.20024420342660582	0.2240431520088139	0.20305435197398025	
E	V	0.15280389478307485	0.1587798645404177	0.20625292598598421	0.2841348795342693	0.1980284351562539	
E	W	0.24364071583347144	0.17487254308490205	0.1700314082864123	0.1677991180036074	0.24365621479160682	
E	X	0.22514217367755912	0.2572704158392008	0.19876105795269905	0.1716878798820485	0.1471384726484925	
E	Y	0.23852864710481328	0.21032737519600625	0.18123789354729292	0.1594770376888726	0.21042904646301497	
