E	A	2136837	2476608	2826561	2314151	2448864	2	
E	C	1213308	1192111	1179454	1167748	1311620	1	
E	D	1393690	1325734	1334494	1150130	1188828	1	
E	E	1293615	1242069	1126906	1093696	835292	1	
E	F	4308115	3543857	3811865	3684174	4096257	1	
E	G	2633241	2327216	2443408	2292154	2166563	2	
E	H	1354329	1215074	1298247	1298023	1740376	1	
E	I	3001740	4010799	3628928	5339084	3662333	1	
E	K	1813532	1619221	1271131	1202125	1286599	1	
E	L	6985735	6310995	6465993	5715419	6147324	3	
E	M	2749013	3045814	2384077	1729091	2332944	1	
E	N	1641063	1756000	1653034	1721964	1611768	1	
E	P	1527496	1546243	2161420	1522289	1449440	2	
E	Q	1410606	1379252	1180843	845609	1242525	1	
E	R	4190133	4314337	3458231	3518351	3736193	3	
E	S	3879976	4870629	5141748	4602210	5022270	3	
E	T	2227706	2633570	2612158	2922612	2648816	2	
E	V	4391958	4563722	5928214	8166732	5691822	2	
E	W	2766687	1985783	1930809	1905460	2766863	1	
E	X	59859	68401	52845	45647	39120	1	
E	Y	3795953	3347157	2884226	2537923	3348775	1	
