E1	A	0.18544744758219703	0.19806614880230203	0.21990423938887171	0.19819673668363158	0.19838542754299765	
E1	C	0.19412980117299117	0.19951574196100674	0.20040466050699338	0.18926338918665145	0.21668640717235726	
E1	D	0.21893890773811583	0.21152524472405687	0.22183040442387125	0.16943537692795288	0.17827006618600313	
E1	E	0.22182309570012582	0.22918140641671084	0.22633886220883542	0.1832081734236335	0.13944846225069443	
E1	F	0.18979377839916114	0.17559816974357345	0.20691403726181776	0.20784655361726315	0.2198474609781845	
E1	G	0.22434907331531873	0.1921242138048084	0.20769493347354898	0.1853735096347008	0.19045826977162308	
E1	H	0.21210965555024267	0.17706455940514515	0.19965425320822436	0.17627472350903955	0.23489680832734827	
E1	I	0.16927705174033647	0.20472740497576242	0.18669915890250574	0.24433539261052864	0.19496099177086673	
E1	K	0.25073381584238036	0.2285665460394049	0.17101326899879374	0.17410936871733013	0.17557700040209087	
E1	L	0.2320434435249597	0.1981354712293447	0.1913122617291464	0.18243868283791562	0.1960701406786336	
E1	M	0.2162853588928515	0.24807256365063782	0.19705231541706858	0.1445302982592874	0.1940594637801547	
E1	N	0.2064824274836762	0.2172206035073557	0.21172454097871285	0.19403808394613253	0.1705343440841227	
E1	P	0.2097423589080832	0.2053646083901559	0.22009380386754554	0.188645364927934	0.17615386390628135	
E1	Q	0.24297872592101916	0.20831090791878354	0.2072273907463375	0.13241147629214745	0.20907149912171233	
E1	R	0.1948043393364899	0.22731525119626605	0.19030001144902284	0.18791140024685976	0.19966899777136143	
E1	S	0.17200515198845417	0.20781824436823412	0.21245928934204864	0.1953895816676476	0.21232773263361546	
E1	T	0.17829275956277263	0.19864865614567925	0.19373885080798703	0.2378796903519173	0.1914400431316438	
E1	V	0.15406726824941697	0.16278974779419245	0.19896046144283316	0.27266239355275185	0.21152012896080552	
E1	W	0.24073454347073875	0.1834489673757934	0.18271399453948017	0.1731107283302983	0.2199917662836894	
E1	X	0.19880941959205112	0.2157926989407336	0.2199947474393767	0.21001488225509937	0.1553882517727392	
E1	Y	0.21851046089072215	0.20521973352162032	0.18909162595664772	0.1788510068626179	0.20832717276839194	
