E1	A	322362	344297	382258	344524	344852	2
E1	C	162918	167438	168184	158834	181848	1
E1	D	221400	213903	224324	171340	180274	1
E1	E	195014	201483	198984	161066	122595	1
E1	F	430056	397890	468849	470962	498155	1
E1	G	423261	362465	391841	349729	359322	2
E1	H	219136	182930	206268	182114	242678	1
E1	I	424492	513390	468181	612714	488899	1
E1	K	249430	227378	170124	173204	174664	1
E1	L	1008132	860816	831172	792620	851843	3
E1	M	303595	348214	276598	202874	272397	1
E1	N	245552	258322	251786	230753	202802	1
E1	P	236297	231365	247959	212529	198456	2
E1	Q	205413	176105	175189	111940	176748	1
E1	R	496836	579753	485348	479256	509243	3
E1	S	573975	693482	708969	652008	708530	3
E1	T	353513	393874	384139	471660	379581	2
E1	V	622382	657618	803736	1101468	854473	2
E1	W	381259	290534	289370	274161	348408	1
E1	X	2271	2465	2513	2399	1775	1
E1	Y	434498	408070	376000	355637	414249	1
