E2	A	0.18593607622417965	0.19838189417521315	0.22172391838054875	0.1981012585116525	0.19585685270840594	
E2	C	0.19368862204923135	0.20010473861616032	0.1998621712721746	0.1881824835530928	0.21816198450934093	
E2	D	0.21887266993511106	0.21106369217768567	0.22241512391212495	0.16905112039032497	0.17859739358475335	
E2	E	0.2219312703754267	0.23259960458700635	0.2269857912774643	0.1807498291799695	0.13773350458013311	
E2	F	0.18988174697044696	0.17539800847625378	0.205790183350286	0.20631597087364822	0.222614090329365	
E2	G	0.22255565535129762	0.19307896429846652	0.20783807293198667	0.1859122318295286	0.1906150755887206	
E2	H	0.21052806614659936	0.17705797861818057	0.20060836981545352	0.1741319548969183	0.23767363052284826	
E2	I	0.16878851444125492	0.20369117551325178	0.18561116921959325	0.24667736925994074	0.1952317715659593	
E2	K	0.2530793059248006	0.22896588966957843	0.1711017612988986	0.17151182111659705	0.17534122199012533	
E2	L	0.2342235458131589	0.19952280905339448	0.19087881425640765	0.1815608308854283	0.19381399999161067	
E2	M	0.22040891689024206	0.24816869140566122	0.19502766640875946	0.14413076899888463	0.1922639562964526	
E2	N	0.2062554837680466	0.21601509531785915	0.21250997048735742	0.19400574300071788	0.171213707426019	
E2	P	0.20875073869837774	0.2059673602451447	0.22243325790718085	0.1873344376554441	0.1755142054938526	
E2	Q	0.24061755244123595	0.21139081314313904	0.21062443111941803	0.13096377924306749	0.20640342405313952	
E2	R	0.19508954116969526	0.2273672672599403	0.1910508548545028	0.18739334171484656	0.19909899500101508	
E2	S	0.17153982439960902	0.20819801208507013	0.21365864587962397	0.19364640967088775	0.21295710796480913	
E2	T	0.17718205431085463	0.19792700466347496	0.19365874443457387	0.23840534386768775	0.1928268527234088	
E2	V	0.15239780497732378	0.16106327398687015	0.19876437468214422	0.2770042948714823	0.21077025148217957	
E2	W	0.24417025071390364	0.18322079783599468	0.1813055552052088	0.17162436167852857	0.21967903456636428	
E2	X	0.19913996109347804	0.22064093375652707	0.22908774444558205	0.20425924029896592	0.14687212040544692	
E2	Y	0.2189253772664139	0.20485208481924996	0.18807158911745936	0.17613684353767034	0.21201410525920641	
