E	A	0.18542266092239373	0.19837971494300932	0.2209442486533669	0.19839683602419658	0.19685653945703344	
E	C	0.19403184533065274	0.19982909327346224	0.20014504747219589	0.18845567230805627	0.21753834161563287	
E	D	0.21911197583788902	0.21088476982327212	0.22210643210651726	0.16979596766513705	0.17810085456718455	
E	E	0.22145742553393624	0.2307278189640706	0.2262907682887019	0.18223812388996044	0.13928586332333084	
E	F	0.1895592341466853	0.17546473292278855	0.20620599809292064	0.20762827152162938	0.22114176331597615	
E	G	0.2233413021530999	0.19283457826297215	0.20777483834459676	0.1856774120336311	0.19037186920570007	
E	H	0.21092174355433618	0.17693904908415148	0.2004192129335215	0.17577821384805778	0.2359417805799331	
E	I	0.16929282674124285	0.20419177769932137	0.18628506347240523	0.24525608358369655	0.19497424850333403	
E	K	0.25157077931187444	0.2284652824529106	0.1710446809027563	0.1731549890448413	0.1757642682876174	
E	L	0.23279534311972955	0.19858191270837092	0.19091031558970684	0.18239936432848844	0.19531306425370426	
E	M	0.21798179787583813	0.24783575016392884	0.19626386815710628	0.14444678790296006	0.1934717959001667	
E	N	0.20615628447022133	0.21630549876516908	0.21214987879168334	0.19429727064199614	0.1710910673309301	
E	P	0.208448105359906	0.2054939327306784	0.22080299698672531	0.18836969041220203	0.1768852745104883	
E	Q	0.24143985304685178	0.20991650864508965	0.20867826724920693	0.1320951739334043	0.20787019712544735	
E	R	0.19468487043268123	0.22739389271375524	0.19058112126715743	0.1882292120223222	0.1991109035640839	
E	S	0.17221805151864522	0.2077408831323544	0.21296081228794747	0.19444851358233958	0.21263173947871336	
E	T	0.17797651452174823	0.19858467351950468	0.19357771472863722	0.23725093727786314	0.19261015995224676	
E	V	0.15401727461218687	0.1621733461559801	0.1989178580015165	0.27387569378944143	0.21101582744087508	
E	W	0.242606957206577	0.1834726611528435	0.18215643199128576	0.1723443322681517	0.21941961738114205	
E	X	0.198813602188858	0.22415101280665856	0.2238980985445934	0.20391787184144575	0.14921941461844435	
E	Y	0.21833213903368343	0.20506759284191792	0.1890065868514777	0.1778749668624206	0.20971871441050038	
