G2	A	0.193101192262432	0.20412336942500198	0.20926116160767647	0.1942953778739287	0.19921889883096086	
G2	C	0.1960267160594002	0.1887012226218214	0.20400361724675956	0.19977553353441788	0.21149291053760097	
G2	D	0.21144886641164956	0.1965352760869554	0.20886084689614115	0.1885159958530312	0.1946390147522227	
G2	E	0.20573194411970278	0.1946032726458868	0.20451192263882237	0.22063321084146786	0.17451964975412018	
G2	F	0.17487036938429235	0.17593749235456402	0.21822736699100106	0.23046833961998045	0.20049643165016212	
G2	G	0.21249557991217308	0.1985394247715456	0.21010327227861608	0.19466555863545473	0.1841961644022105	
G2	H	0.19929859696465643	0.1751736455418463	0.20057822618456694	0.19757561132745555	0.22737391998147474	
G2	I	0.19331655688243668	0.22130748231254072	0.19372342248862784	0.19557458379269774	0.19607795452369703	
G2	K	0.24626508746279138	0.22077233844283958	0.17416260554447138	0.18302284872642696	0.1757771198234707	
G2	L	0.20159103731201664	0.18431983366177587	0.20071088353954455	0.20932145490098317	0.20405679058567977	
G2	M	0.19692975375282123	0.21911847856373076	0.20166205287486985	0.1675213121579368	0.21476840265064132	
G2	N	0.1921732872058229	0.21354896902653803	0.20732158027447894	0.19542456418878826	0.19153159930437186	
G2	P	0.1900744327762593	0.18819979670260867	0.189479325019081	0.2005403541124348	0.23170609138961626	
G2	Q	0.22073046992531145	0.19931989691099203	0.18597060282941844	0.15799812291260198	0.23598090742167613	
G2	R	0.19934392710163631	0.21852077443207596	0.19040309253093288	0.2098111324402692	0.18192107349508563	
G2	S	0.18783666867813023	0.20677128975589995	0.2010759905993385	0.19850042377451005	0.20581562719212126	
G2	T	0.20297298369204683	0.2101557846980017	0.1940603715280473	0.202160111429262	0.1906507486526422	
G2	V	0.1991095102813853	0.19411458333333334	0.19693497474747473	0.2067890963203463	0.20305183531746032	
G2	W	0.21925184734695372	0.19647923792365518	0.19352731238454082	0.1941414752254312	0.1966001271194191	
G2	X	0.1992875710022143	0.1968486248836687	0.2250248708321299	0.21680947338018677	0.16202945990180032	
G2	Y	0.19718024848076982	0.1890304642325225	0.20447189622269182	0.20372759809524618	0.20558979296876964	
