G3	A	635928	677821	692190	643176	662585	2
G3	C	318387	306989	331573	322997	339014	1
G3	D	506038	464767	497368	450930	463404	1
G3	E	397230	375761	395801	429907	342501	1
G3	F	593276	597206	738762	778824	678904	1
G3	G	957291	893974	952040	879010	834081	2
G3	H	426769	375928	429400	425286	488808	1
G3	I	610234	702209	613166	618289	619987	1
G3	K	532085	478959	377380	398413	384780	1
G3	L	1337889	1219800	1324340	1380604	1351062	3
G3	M	480841	536503	497080	413517	527297	1
G3	N	536182	594520	578466	548919	531260	1
G3	P	484596	484788	488455	517782	603206	2
G3	Q	371569	335883	313936	266493	397355	1
G3	R	1019259	1127025	974273	1074942	931175	3
G3	S	1270247	1393251	1358631	1341778	1389755	3
G3	T	725718	750421	691598	721307	682991	2
G3	V	1078084	1042018	1059914	1106648	1085044	2
G3	W	465424	417285	412442	409824	414167	1
G3	X	3864	3607	4015	4074	3004	1
G3	Y	623027	595223	643108	641218	643558	1
