G3	A	0.1920246399130356	0.20467463840323702	0.20901349759942023	0.19421324395325665	0.20007398013105052	
G3	C	0.19666143697188318	0.18962111478974156	0.20480617186341848	0.19950894401344071	0.20940233236151604	
G3	D	0.21239727732174554	0.19507476788105974	0.20875825338603413	0.18926701999196643	0.19450268141919416	
G3	E	0.20463115598598805	0.19357150216361013	0.20389501339377705	0.2214645580053575	0.17643777045126727	
G3	F	0.17516412890333902	0.17632445736191502	0.21811872079249547	0.22994698509465092	0.20044570784759957	
G3	G	0.21195904876366023	0.19793968465121306	0.21079639606447265	0.19462642336942995	0.1846784471512241	
G3	H	0.19884949661982554	0.1751605518800517	0.20007538937587568	0.19815850499792423	0.22775605712632288	
G3	I	0.19287489905606556	0.22194517183778803	0.19380160783340736	0.19542081965684593	0.19595750161589312	
G3	K	0.2450178829876539	0.2205540848132981	0.1737783412084175	0.18346375074426108	0.1771859402463694	
G3	L	0.20229070134017368	0.1844354782009149	0.20024207345515632	0.20874926950819475	0.20428247749556036	
G3	M	0.1958429284655907	0.21851364307655713	0.20245695122020757	0.16842236882941694	0.21476410840822763	
G3	N	0.19222491859205756	0.2131394910708492	0.20738402213851487	0.19679122031070354	0.19046034788787483	
G3	P	0.18791334199618664	0.18798779445073283	0.189409758777925	0.20078198343665551	0.23390712133850003	
G3	Q	0.22048484603936777	0.19930917687493027	0.18628607506604417	0.1581339349503571	0.2357859670693007	
G3	R	0.19881486515428912	0.21983551128860543	0.19003997523540603	0.20967629305081617	0.18163335527088323	
G3	S	0.18808270239168023	0.20629563635254475	0.20116952847210892	0.19867414152499785	0.20577799125866825	
G3	T	0.20316654232111386	0.21008220804107464	0.19361456424699086	0.20193167200209405	0.19120501338872659	
G3	V	0.20069668716169978	0.1939826215423474	0.1973141503596249	0.20601417649656312	0.2019923644397648	
G3	W	0.21962851002905892	0.19691224089749532	0.19462688201168207	0.19339147636165957	0.1954408907001041	
G3	X	0.2081447963800905	0.19430079724197372	0.2162788192199957	0.21945701357466063	0.16181857358327947	
G3	Y	0.19802939099224637	0.18919187803189566	0.20441214519152712	0.20381140790570268	0.20455517787862817	
