G	A	0.19255584742635087	0.20451268914313006	0.209215986800686	0.19426324816012852	0.19945222846970453	
G	C	0.19644618134056802	0.189113357592461	0.20422166239619893	0.19976063848875683	0.21045816018201524	
G	D	0.21161931488633223	0.19601522883821382	0.20872425181103396	0.18889835518182266	0.19474284928259733	
G	E	0.20496434825692528	0.1943678290924992	0.2045148979133214	0.22115539612041826	0.17499752861683587	
G	F	0.1753109101488683	0.17621646084430034	0.21793512760804618	0.230008340216651	0.20052916118213415	
G	G	0.21230075237626475	0.19827064954838491	0.21035254134729048	0.19468449034433566	0.1843915663837242	
G	H	0.19935365578438582	0.17495466376000854	0.20044908085124516	0.19767577725036095	0.22756682235399953	
G	I	0.1931344722081504	0.22149929498515902	0.19352172744181112	0.19554066682882312	0.19630383853605635	
G	K	0.24580256816235754	0.22045980604470933	0.1738781514249607	0.18339013194686093	0.1764693424211115	
G	L	0.20203775349722813	0.18444189324310523	0.2005278775556205	0.2089908040947	0.20400167160934612	
G	M	0.19623602275702032	0.21888182525931543	0.20210637379074115	0.1679696688938807	0.2148061092990424	
G	N	0.19206112325868288	0.21322095597271237	0.2071413453126417	0.19591674082906582	0.1916598346268972	
G	P	0.18912738117865732	0.18812252261266801	0.18973422730530615	0.2006883917728908	0.23232747713047772	
G	Q	0.2206274955066965	0.19954274910540662	0.18625678490969294	0.1579015780293514	0.23567139244885255	
G	R	0.19895533212990832	0.21905463960198213	0.19027450453820452	0.20999577925694995	0.18171974447295508	
G	S	0.18789405755265465	0.20651571217479478	0.20122672480294235	0.19862138773270063	0.20574211773690756	
G	T	0.2028141888378696	0.21012332250582444	0.193929371657849	0.20211128349578902	0.1910218335026679	
G	V	0.19994531470031693	0.1939130204163105	0.19705970683396595	0.2064377042310187	0.2026442538183879	
G	W	0.2196113765652677	0.19662424627956987	0.19384298355664933	0.19376982463889003	0.19615156895962307	
G	X	0.20243313492978976	0.19629646718651472	0.22102769959550286	0.21815161721958196	0.16209108106861073	
G	Y	0.1975191957172171	0.18923829284789012	0.20438861440051356	0.20353563445026537	0.20531826258411381	
