H1	A	0.17379500004165707	0.2051554780425624	0.21992117095225266	0.19604056564736463	0.20508778531616323	
H1	C	0.19647368921701294	0.19112039841297604	0.2053667921679815	0.2019012375227452	0.20513788267928432	
H1	D	0.21382745429793454	0.1950189214661621	0.20489802120271944	0.1879077149891276	0.19834788804405631	
H1	E	0.2042204850955118	0.1950830919058515	0.19837252818478962	0.22340749463342402	0.1789164001804231	
H1	F	0.20451478042084398	0.18621747728987975	0.20679117606847366	0.21362512063069006	0.18885144559011258	
H1	G	0.2211190094136931	0.1951536716483869	0.2043796008143697	0.19439863216484135	0.18494908595870893	
H1	H	0.1910517683129469	0.17722580161018858	0.2034358551044693	0.19961085322841737	0.22867572174397788	
H1	I	0.1944172036199182	0.2277324025253126	0.18464993875222527	0.19922085008256668	0.19397960501997727	
H1	K	0.24107162931395693	0.22126549549825755	0.17916219558308039	0.17801197739420138	0.18048870221050373	
H1	L	0.2035589617326534	0.18474624390603886	0.20260097442388872	0.20571813064550018	0.20337568929191885	
H1	M	0.1898282001715717	0.22046145297037267	0.20157737491859384	0.16812950262716472	0.22000346931229708	
H1	N	0.19236850829965402	0.21154080061507546	0.20985991982052163	0.19697831981075853	0.18925245145399036	
H1	P	0.1792447013334182	0.18702512888648443	0.194404277917449	0.20184011313369188	0.2374857787289565	
H1	Q	0.2088170976475807	0.1990865105367529	0.19049424788872293	0.16438070267658356	0.23722144125035993	
H1	R	0.19996097784432282	0.21844136178840237	0.18827681129606577	0.2084266648569435	0.18489418421426557	
H1	S	0.18372947031663034	0.2029715041558284	0.2109999870587987	0.20096323404707464	0.20133580442166793	
H1	T	0.19287742353647527	0.2052993807958787	0.19574833589509924	0.20976663503843637	0.19630822473411044	
H1	V	0.19703854714318933	0.19291075097799124	0.2003358496804591	0.20784700889220697	0.20186784330615337	
H1	W	0.23388828121284588	0.18707240931850452	0.18402874496402633	0.1901857110828787	0.20482485342174453	
H1	X	0.21509956177442915	0.25510878757592065	0.19761666794802799	0.17521334665949104	0.15696163604213115	
H1	Y	0.201199821878596	0.1997368993352124	0.19540021576813027	0.202308207290916	0.2013548557271453	
