H1	A	500645	590984	633519	564727	590789	2
H1	C	320147	311424	334638	328991	334265	1
H1	D	416547	379907	399152	366054	386392	1
H1	E	323270	308806	314013	353642	283215	1
H1	F	816749	743677	825840	853132	754196	1
H1	G	832594	734825	769564	731982	696401	2
H1	H	356430	330636	379534	372398	426622	1
H1	I	606445	710365	575978	621429	605080	1
H1	K	471782	433021	350624	348373	353220	1
H1	L	1335050	1211666	1328767	1349211	1333848	3
H1	M	441014	512182	468310	390603	511118	1
H1	N	472887	520017	515885	484219	465227	1
H1	P	360474	376121	390961	405915	477601	2
H1	Q	295159	281405	269260	232349	335308	1
H1	R	942870	1030010	887776	982788	871826	3
H1	S	1078991	1191994	1239143	1180200	1182388	3
H1	T	585637	623354	594354	636918	596054	2
H1	V	1014264	993016	1031237	1069901	1039123	2
H1	W	550820	440566	433398	447898	482374	1
H1	X	13989	16591	12852	11395	10208	1
H1	Y	660570	655767	641529	664209	661079	1
