H2	A	0.17233311569672738	0.20556423572116175	0.22090525751374485	0.19615273453933962	0.2050446565290264	
H2	C	0.19747345144722814	0.19266643105352005	0.20509136594892463	0.20132997035811004	0.20343878119221714	
H2	D	0.2138081610908007	0.19637077621120275	0.20557048128638242	0.18896937853708987	0.1952812028745243	
H2	E	0.20491777281457726	0.19466334650187792	0.19825322550665458	0.2212363434128265	0.18092931176406374	
H2	F	0.2047358559443176	0.1867182225424793	0.2074771116113365	0.2121380827854596	0.18893072711640702	
H2	G	0.22127519789087347	0.19593490939320865	0.20362571009235247	0.19517300588212025	0.18399117674144516	
H2	H	0.19023206096853718	0.17923217423543297	0.2023841134203941	0.2007844506215134	0.22736720075412234	
H2	I	0.19662641346985277	0.22568145297464198	0.18621191935011003	0.19842277732213567	0.19305743688325955	
H2	K	0.2410735904544229	0.2206996207811681	0.177116358542647	0.1776511390016674	0.1834592912200946	
H2	L	0.20324072043769528	0.18383351916157134	0.20188424074657324	0.2055605833279069	0.20548093632625325	
H2	M	0.19102530128083792	0.21954596504511326	0.20000504763707488	0.1660871979304688	0.22333648810650514	
H2	N	0.19377213307801894	0.21364685929449087	0.20792807534882335	0.1978526522309764	0.18680028004769045	
H2	P	0.17823840259179988	0.1874443987514773	0.19535587824972817	0.20155267071870747	0.23740864968828718	
H2	Q	0.208131823817631	0.19828288946606043	0.19132604359903796	0.163399288399443	0.2388599547178276	
H2	R	0.2005143079817449	0.21719873820362423	0.18809790312187732	0.208773701850813	0.18541534884194052	
H2	S	0.1841365598344821	0.20384842251475482	0.21156875006603212	0.2006677169347455	0.19977855064998543	
H2	T	0.19365734579719243	0.20346524160791657	0.19551955073895583	0.210655588023978	0.19670227383195718	
H2	V	0.19358154589677587	0.19324446212586358	0.20202097250266543	0.20815242580988316	0.203000593664812	
H2	W	0.23421718990432613	0.187884505920137	0.18272655116132833	0.19049763124981994	0.20467412176438857	
H2	X	0.21491605293399152	0.25022224470768495	0.19884215927898757	0.17749221240089333	0.15852733067844263	
H2	Y	0.20200660403115034	0.1999231095528169	0.19554985499598948	0.20422572520547974	0.19829470621456355	
