H2	A	840141	1002146	1076935	956264	999613	2
H2	C	539753	526614	560575	550294	556058	1
H2	D	710749	652783	683365	628179	649161	1
H2	E	555637	527832	537566	599885	490592	1
H2	F	1419499	1294577	1438505	1470821	1309917	1
H2	G	1415237	1253165	1302354	1248292	1176775	2
H2	H	614698	579154	653965	648796	734693	1
H2	I	1059663	1216247	1003537	1069344	1040429	1
H2	K	806463	738306	592507	594296	613726	1
H2	L	2294040	2074985	2278729	2320225	2319326	3
H2	M	756890	869896	792470	658079	884915	1
H2	N	818963	902962	878792	836209	789497	1
H2	P	618491	650436	677889	699392	823813	2
H2	Q	504769	480883	464011	396282	579292	1
H2	R	1596682	1729539	1497811	1662451	1476450	3
H2	S	1847441	2045210	2122668	2013298	2004377	3
H2	T	1003226	1054035	1012873	1091284	1019000	2
H2	V	1695284	1692332	1769192	1822888	1777771	2
H2	W	943098	756535	735766	767057	824140	1
H2	X	29736	34621	27512	24558	21934	1
H2	Y	1143883	1132085	1107321	1156449	1122864	1
