H3	A	0.1720496952378711	0.2046664050729169	0.2187547298895747	0.19676989881028947	0.20775927098934782	
H3	C	0.19653980531197204	0.19054415533668156	0.20499132293618047	0.20218923469446393	0.20573548172070197	
H3	D	0.212542999671205	0.1949123979291806	0.20465486540027553	0.18823809473303377	0.1996516422663051	
H3	E	0.20459691131256003	0.19523071185465138	0.19851086385166783	0.2238997395259784	0.17776177345514238	
H3	F	0.2058863383122306	0.18646119507491607	0.20699536615947203	0.21261698004796675	0.1880401204054145	
H3	G	0.2224599514502862	0.19556400569888258	0.20341331046499506	0.19407071727486186	0.18449201511097432	
H3	H	0.19071316265685723	0.17685373342430805	0.20268264162884295	0.20028343073560967	0.2294670315543821	
H3	I	0.19528902373361515	0.2279716170717594	0.18449573608166348	0.19803370472728574	0.19420991838567628	
H3	K	0.24202418926738753	0.22072527151950494	0.17954660666376535	0.17827449414397828	0.1794294384053639	
H3	L	0.2030931911610443	0.18500780484107512	0.20268900550664967	0.20615381150111084	0.20305618699012007	
H3	M	0.1908832542869412	0.21996460488521372	0.20182802263304653	0.1677803297643175	0.21954378843048108	
H3	N	0.1932271428337769	0.21167269897867388	0.20980202022090177	0.19695261149651963	0.18834552647012778	
H3	P	0.17713615999261004	0.18706814927716964	0.19498060135790496	0.203029883146275	0.23778520622604038	
H3	Q	0.20885982279696635	0.1994241230291589	0.19103016529741038	0.16422935755678192	0.23645653131968242	
H3	R	0.19999192907815283	0.21724490310006114	0.18865153193365503	0.2092013020753047	0.1849103338128263	
H3	S	0.18401528819104007	0.20316339638785125	0.2112376645864139	0.2011006976844639	0.20048295315023085	
H3	T	0.19284741037428496	0.2042047828217108	0.19520668242068437	0.20975954884620143	0.1979815755371184	
H3	V	0.19485636642856344	0.19394161650326838	0.20032337472990186	0.20795528356676107	0.20292335877150525	
H3	W	0.2358799926264302	0.1870679706774341	0.18440793012280024	0.1896315487779318	0.20301255779540364	
H3	X	0.2126375952582557	0.2538808918995202	0.20069503245836862	0.18069079875811458	0.1520956816257409	
H3	Y	0.20191591979206502	0.20037634138772706	0.19562400639582433	0.20082026022974922	0.2012634721946344	
