H3	A	423996	504376	539095	484916	511998	2
H3	C	273618	265271	285384	281483	286420	1
H3	D	360708	330787	347321	319460	338830	1
H3	E	278688	265930	270398	304981	242135	1
H3	F	708053	641249	711867	731200	646679	1
H3	G	717008	630320	655619	625507	594634	2
H3	H	308580	286155	327947	324065	371285	1
H3	I	524460	612231	495474	531831	521562	1
H3	K	404860	369231	300347	298219	300151	1
H3	L	1136096	1034927	1133835	1153217	1135889	3
H3	M	377397	434894	399036	331720	434062	1
H3	N	413480	452951	448948	421452	403034	1
H3	P	306814	324017	337722	351664	411863	2
H3	Q	254022	242546	232337	199741	287586	1
H3	R	797894	866727	752650	834636	737724	3
H3	S	932968	1030050	1070987	1019592	1016460	3
H3	T	503438	533087	509597	547588	516841	2
H3	V	852277	848276	876189	909570	887561	2
H3	W	467053	370403	365136	375479	401974	1
H3	X	12054	14392	11377	10243	8622	1
H3	Y	571290	566934	553488	568190	569444	1
