H	A	1764782	2097506	2249549	2005907	2102400	2	
H	C	1133518	1103309	1180597	1160768	1176743	1	
H	D	1488004	1363477	1429838	1313693	1374383	1	
H	E	1157595	1102568	1121977	1258508	1015942	1	
H	F	2944301	2679503	2976212	3055153	2710792	1	
H	G	2964839	2618310	2727537	2605781	2467810	2	
H	H	1279708	1195945	1361446	1345259	1532600	1	
H	I	2190568	2538843	2074989	2222604	2167071	1	
H	K	1683105	1540558	1243478	1240888	1267097	1	
H	L	4765186	4321578	4741331	4822653	4789063	3	
H	M	1575301	1816972	1659816	1380402	1830095	1	
H	N	1705330	1875930	1843625	1741880	1657758	1	
H	P	1285779	1350574	1406572	1456971	1713277	2	
H	Q	1053950	1004834	965608	828372	1202186	1	
H	R	3337446	3626276	3138237	3479875	3086000	3	
H	S	3859400	4267254	4432798	4213090	4203225	3	
H	T	2092301	2210476	2116824	2275790	2131895	2	
H	V	3561825	3533624	3676618	3802359	3704455	2	
H	W	1960971	1567504	1534300	1590434	1708488	1	
H	X	55779	65604	51741	46196	40764	1	
H	Y	2375743	2354786	2302338	2388848	2353387	1	
