H	A	0.17267682334025822	0.20523252901328984	0.22010932526978094	0.19626993513985713	0.2057113872368139	
H	C	0.19696451827865996	0.1917152843602925	0.20514514933704725	0.2016995847911401	0.20447546323286014	
H	D	0.2135054764437946	0.1956377849153334	0.20515955832608138	0.18849455368794565	0.19720262662684493	
H	E	0.20464537822256873	0.19491743258747762	0.1983486517495523	0.22248527823299905	0.17960325920740233	
H	F	0.20494981157195122	0.18651749089392627	0.2071711039727868	0.21266610705681296	0.18869548650452275	
H	G	0.22151656006521683	0.19562580780418695	0.20378665205449648	0.1946897094254699	0.18438127065062984	
H	H	0.19057572660916122	0.1781016351852089	0.20274825248348538	0.2003376640628281	0.2282367216593164	
H	I	0.19568995205052672	0.22680239323034732	0.18536493636142334	0.1985518231743132	0.19359089518338943	
H	K	0.241301017357966	0.22086454065489283	0.17827319535159653	0.1779018758944283	0.18165937074111635	
H	L	0.2032945572811999	0.1843691487102861	0.20227684429708073	0.2057462408719934	0.20431320883943987	
H	M	0.19065471754242558	0.21990355077696014	0.20088335540471228	0.16706658181833145	0.22149179445757056	
H	N	0.19324897221073592	0.21258146191017918	0.2089206408097072	0.19739083914224032	0.18785808592713737	
H	P	0.1782542855966438	0.18723715624178153	0.19500045264407218	0.2019875303143291	0.2375205752031734	
H	Q	0.20849860038180398	0.1987821838000376	0.1910222653043057	0.16387343099338272	0.23782351952047004	
H	R	0.20023273569919162	0.21756132200500677	0.18828103279646294	0.2087778771974811	0.18514703230185758	
H	S	0.1839932718550888	0.20343732841807405	0.21132948320793227	0.20085511056639788	0.20038480595250702	
H	T	0.19324334833309104	0.20415790254362912	0.1955082741880098	0.21019025451068715	0.19690022042458286	
H	V	0.19486012300205904	0.193317304270431	0.20114021202939064	0.20801924362875385	0.20266311706936546	
H	W	0.23451830411936717	0.18746242539044408	0.18349146112326242	0.19020469170313156	0.2043231176637948	
H	X	0.21446532658679504	0.2522415834884114	0.198939573368604	0.1776195383030098	0.15673397825317975	
H	Y	0.20175986585933608	0.1999800935906967	0.195525949584131	0.20287280738629695	0.19986128357953928	
