N1	A	1060418	1195132	1198193	1117794	1182261	2
N1	C	575601	554276	587653	584479	609250	1
N1	D	887486	834653	884265	813589	857269	1
N1	E	689972	656513	693278	775368	604152	1
N1	F	1356591	1232493	1413714	1434275	1246674	1
N1	G	1754159	1575440	1668465	1572036	1452383	2
N1	H	736840	662329	770031	764197	900150	1
N1	I	1077899	1276769	1084967	1097880	1102396	1
N1	K	938080	820842	658241	707284	686550	1
N1	L	2347971	2180458	2381103	2447684	2362605	3
N1	M	819990	923745	873818	712898	918192	1
N1	N	972144	1078656	1076601	1010771	984403	1
N1	P	801237	827976	891913	923387	1078901	2
N1	Q	637615	592567	559212	471873	712138	1
N1	R	1823342	1885025	1644276	1845961	1601214	3
N1	S	2267685	2515650	2502660	2450924	2475417	3
N1	T	1251736	1290030	1211141	1276882	1213782	2
N1	V	1901064	1914886	1874959	2001060	1948902	2
N1	W	819946	713356	720050	709314	719690	1
N1	X	13769	13968	12881	12550	8397	1
N1	Y	1136492	1125273	1162616	1139831	1205311	1
