N1	A	0.1842987883829081	0.2077118452889726	0.20824384171985183	0.19427063654302776	0.2054748880652397	
N1	C	0.19771549010239212	0.19039048054467156	0.20185527979475545	0.20076502983760633	0.2092737197205745	
N1	D	0.20748927701880315	0.1951372162846232	0.2067362251833065	0.19021257056500163	0.2004247109482655	
N1	E	0.2017885036131844	0.19200311878250498	0.20275537298316634	0.2267633302069469	0.17668967441419736	
N1	F	0.20296863421072042	0.1844015041263531	0.2115151875138302	0.21459145596025703	0.1865232181888393	
N1	G	0.218655371410572	0.19637810388629057	0.20797364107845415	0.19595379634958404	0.18103908727509924	
N1	H	0.1922084169047621	0.1727718481082924	0.20086645605231918	0.19934462783422247	0.2348086511004039	
N1	I	0.19111985987012917	0.22638105459465585	0.19237307113534238	0.19466264627225502	0.1954633681276176	
N1	K	0.24615081040473136	0.21538773187173854	0.17272146894893908	0.18559027991887686	0.18014970885571413	
N1	L	0.20034188235468783	0.18604874596634197	0.2031688879889889	0.20884994745226912	0.20159053623771217	
N1	M	0.19300044743698164	0.21742118601162772	0.20566990448479666	0.16779428160944565	0.2161141804571483	
N1	N	0.18977643079896342	0.21056909854906955	0.21016793311957366	0.19731697437324003	0.19216956315915334	
N1	P	0.177131034214423	0.18304227735953418	0.19717695528200602	0.20413497415889856	0.23851475898513821	
N1	Q	0.21443933806528206	0.19928903058950934	0.18807125164584038	0.15869785649785348	0.23950252320151477	
N1	R	0.20720223986450628	0.2142118166534808	0.18685340992279614	0.20977263393402	0.1819598996251968	
N1	S	0.1856880616452086	0.20599253083112026	0.20492885226872237	0.20069248012828994	0.20269807512665883	
N1	T	0.20048398584720187	0.20661733485532557	0.19398209774502445	0.20451148869773403	0.19440509285471408	
N1	V	0.1971879926616589	0.19862168055147714	0.19448024976166572	0.20756008456082442	0.20214999246437382	
N1	W	0.22266885656900093	0.1937227144795343	0.19554057239441272	0.1926250476597048	0.19544280889734725	
N1	X	0.2236498010233087	0.22688215706976367	0.2092260212783237	0.203849589864371	0.13639243076423294	
N1	Y	0.19698196887333666	0.19503744070350357	0.20150989951855638	0.19756069955869834	0.20890999134590502	
