N2	A	546993	625018	612287	571064	587756	2
N2	C	298518	287190	306230	304055	320558	1
N2	D	459328	431054	458172	421059	455419	1
N2	E	356583	341334	361261	403872	309602	1
N2	F	687217	624712	719840	728075	633203	1
N2	G	912005	832462	883636	829975	780439	2
N2	H	376247	336835	391918	388739	464616	1
N2	I	547407	653186	553170	558443	563201	1
N2	K	488655	422081	339930	366143	353733	1
N2	L	1199920	1113603	1209580	1244703	1183699	3
N2	M	426555	471945	447780	370883	466925	1
N2	N	498660	550104	556087	519522	515529	1
N2	P	410570	424612	464617	466117	563909	2
N2	Q	328683	307418	290010	243340	363398	1
N2	R	948078	976437	853457	956094	829707	3
N2	S	1171633	1292347	1287858	1256813	1271183	3
N2	T	645405	667928	621995	657107	621055	2
N2	V	985412	992488	968526	1053750	1002753	2
N2	W	427609	373092	374665	370539	371567	1
N2	X	5901	5977	5297	5108	3401	1
N2	Y	581309	572865	596372	587287	641035	1
