N2	A	0.18585493344133672	0.21236593300030784	0.20804024847117922	0.19403367449079514	0.1997052105963811	
N2	C	0.19684006670398818	0.18937048605684872	0.20192528968692777	0.20049111437729428	0.21137304317494104	
N2	D	0.20643658158624237	0.19372934861161548	0.20591703849652498	0.18923727838520973	0.20467975292040744	
N2	E	0.20115792609040015	0.19255556082073638	0.2037969099405862	0.22783490498981188	0.1746546981584654	
N2	F	0.20253683488616575	0.18411533939848165	0.21215149686992252	0.21457851895361307	0.186617809891817	
N2	G	0.2151707778923619	0.19640407246213712	0.20847763498412297	0.19581731063010954	0.18413020403126848	
N2	H	0.19212400203231794	0.17199894809674446	0.20012612626413495	0.19850282507512682	0.23724809853167583	
N2	I	0.1903754842357969	0.22716297205925978	0.1923797222445379	0.19421354959489212	0.1958682718655133	
N2	K	0.2479799973814311	0.21419538380810965	0.17250583849519574	0.185808270008962	0.17951051030630152	
N2	L	0.2016162298443839	0.18711283952546456	0.20323934870255506	0.20914088117207327	0.19889070075552318	
N2	M	0.19530119665507983	0.21608332631285918	0.20501921168011544	0.16981138122639747	0.21378488412554805	
N2	N	0.1888933755874271	0.20838046260808166	0.21064683461734565	0.1967959416675316	0.195283385519614	
N2	P	0.17622353610249697	0.18225059822089643	0.19942141577157083	0.2000652409515736	0.24203920895346218	
N2	Q	0.21442620897426948	0.20055334869905647	0.1891967180067965	0.1587501443390706	0.23707357998080697	
N2	R	0.2077399555148777	0.21395389297408088	0.18700689100882098	0.20949639695050565	0.18180286355171477	
N2	S	0.18657069597699558	0.20579317860949828	0.20507835079717077	0.20013474878476087	0.20242302583157454	
N2	T	0.20084238631519002	0.20785127696056313	0.19355747178301472	0.20448391001683527	0.19326495492439685	
N2	V	0.1969670167216045	0.19838138818280251	0.1935917939271175	0.2106266149289746	0.2004331862395009	
N2	W	0.22300664625089703	0.19457494033811185	0.19539529130021194	0.19324349977470337	0.19377962233607585	
N2	X	0.22975393240928205	0.2327129730571562	0.2062373462077558	0.19887867933343717	0.1324170689923688	
N2	Y	0.19514426285421174	0.19230962902686524	0.20020088167720088	0.1971510654382806	0.21519416100344158	
