N3	A	804322	911861	898791	843801	874079	2
N3	C	428486	412374	437185	432255	459437	1
N3	D	672808	626843	669812	618310	651363	1
N3	E	520674	498243	529579	587077	458361	1
N3	F	996677	904146	1045435	1061298	912185	1
N3	G	1333025	1207351	1285398	1190213	1147872	2
N3	H	550299	493304	577967	577823	673900	1
N3	I	797507	948073	809737	821220	815729	1
N3	K	709504	617241	493606	533555	518472	1
N3	L	1753888	1628117	1761539	1815122	1740237	3
N3	M	621975	695092	657005	537912	687856	1
N3	N	727501	806511	808691	762500	739065	1
N3	P	604050	626040	675954	691577	822277	2
N3	Q	482093	445961	419577	355675	534683	1
N3	R	1385519	1441721	1249256	1403865	1225156	3
N3	S	1701699	1873347	1871233	1831482	1861544	3
N3	T	946631	979511	914475	961416	913562	2
N3	V	1425414	1436207	1407655	1511053	1453706	2
N3	W	621264	541508	546374	534346	543115	1
N3	X	8339	8182	7418	6950	4619	1
N3	Y	847602	837644	872590	861827	902059	1
