N3	A	0.18563330312999238	0.21045274084933394	0.20743625333325333	0.19474484946873355	0.2017328532186868	
N3	C	0.1974829207410852	0.19005713595703075	0.20149216241415435	0.1992199976310493	0.21174778325668042	
N3	D	0.20771218003813363	0.19352166750639677	0.20678724202997342	0.19088732303923023	0.20109158738626598	
N3	E	0.20072754356895742	0.19208006063377095	0.20416055304414069	0.2263268841844087	0.17670495856872226	
N3	F	0.2025872906724155	0.1837791867498716	0.21249797499502515	0.2157223317243733	0.1854132158583145	
N3	G	0.2162646809409495	0.19587583038482873	0.20853786564553148	0.19309542934061275	0.18622619368807755	
N3	H	0.1915220619686193	0.17168593665873963	0.20115143147601028	0.20110131476323506	0.2345392551333957	
N3	I	0.19023291938059275	0.22614810224351223	0.1931501960991979	0.19588928755952031	0.1945794947171768	
N3	K	0.2470092724564803	0.2148885000511771	0.17184576681759853	0.18575375525087576	0.18050270542386831	
N3	L	0.20162174471884559	0.1871634848669999	0.2025012809086387	0.20866102311981177	0.20005246638570404	
N3	M	0.19437690634531726	0.21722711135556777	0.20532432871643583	0.16810590529526476	0.21496574828741438	
N3	N	0.18924304965210542	0.20979572704088267	0.21036280509059202	0.1983472536253976	0.19225116459102226	
N3	P	0.17662807487240847	0.18305809120622896	0.1976532633429418	0.20222152824440962	0.24043904233401114	
N3	Q	0.21541348058457838	0.1992686291130117	0.18747947375970123	0.1589261609418098	0.23891225560089885	
N3	R	0.20662373982498292	0.21500519646732683	0.18630271163282414	0.20935969590413386	0.18270865617073226	
N3	S	0.18619566805134527	0.2049769648786204	0.2047456562616085	0.20039620080520346	0.20368551000322235	
N3	T	0.20074476285601286	0.20771737182688504	0.19392568700238252	0.2038801042074224	0.19373207410729718	
N3	V	0.1970427292652026	0.19853470435241188	0.19458780611373874	0.20888107397876843	0.20095368628987834	
N3	W	0.22294640040737715	0.1943252134226319	0.19607142306037414	0.1917550626981128	0.19490190041150401	
N3	X	0.23484848484848486	0.23042694604032893	0.20891066801847472	0.1957305395967106	0.1300833614960009	
N3	Y	0.19612598866840578	0.19382181454522063	0.20190794317635424	0.19941750070920805	0.2087267529008113	
