N	A	2411733	2732011	2709271	2532659	2644096	2	
N	C	1302605	1253840	1331068	1320789	1389245	1	
N	D	2019622	1892550	2012249	1852958	1964051	1	
N	E	1567229	1496090	1584118	1766317	1372115	1	
N	F	3040485	2761351	3178989	3223648	2792062	1	
N	G	3999189	3615253	3837499	3592224	3380694	2	
N	H	1663386	1492468	1739916	1730759	2038666	1	
N	I	2422813	2878028	2447874	2477543	2481326	1	
N	K	2136239	1860164	1491777	1606982	1558755	1	
N	L	5301779	4922178	5352222	5507509	5286541	3	
N	M	1868520	2090782	1978603	1621693	2072973	1	
N	N	2198305	2435271	2441379	2292793	2238997	1	
N	P	1815857	1878628	2032484	2081081	2465087	2	
N	Q	1448391	1345946	1268799	1070888	1610219	1	
N	R	4156939	4303183	3746989	4205920	3656077	3	
N	S	5141017	5681344	5661751	5539219	5608144	3	
N	T	2843772	2937469	2747611	2895405	2748399	2	
N	V	4311890	4343581	4251140	4565863	4405361	2	
N	W	1868819	1627956	1641089	1614199	1634372	1	
N	X	28009	28127	25596	24608	16417	1	
N	Y	2565403	2535782	2631578	2588945	2748405	1	
