N	A	0.18509405768482481	0.20967453761655042	0.2079293034335986	0.19437480477399063	0.20292729649103552	
N	C	0.1974377749790945	0.19004639148459268	0.20175195417327077	0.20019395087295325	0.21056992849008882	
N	D	0.2073229495053601	0.19427845809085525	0.20656607910748218	0.19021416773512717	0.2016183455611753	
N	E	0.20129146791449998	0.1921545302136473	0.20346065416718417	0.2268618955700385	0.17623145213463007	
N	F	0.20274583428772047	0.1841326012975664	0.21198156774214844	0.21495952231632173	0.18618047435624296	
N	G	0.21705398125434772	0.19621604702646572	0.20827833743530955	0.19496615957820898	0.18348547470566803	
N	H	0.19196175042800537	0.17223709333719553	0.20079363476528803	0.19973687839685084	0.2352706430726602	
N	I	0.19065882232216605	0.22648113126775318	0.19263095172142872	0.1949656992233929	0.19526339546525917	
N	K	0.24685226354724688	0.21495052471614876	0.17238170876841089	0.18569417756144413	0.18012132540674933	
N	L	0.2010516859751199	0.186656627062283	0.20296456280300032	0.20885328678791526	0.20047383737168153	
N	M	0.19397936438776314	0.21705337027881758	0.20540756979626726	0.16835515668662085	0.21520453885053117	
N	N	0.1893989227815378	0.20981515489484778	0.2103414006252399	0.19753970643793758	0.19290481526043693	
N	P	0.17675779073130243	0.18286799835337542	0.19784453375828628	0.20257502649872186	0.239954650658314	
N	Q	0.21475961053004763	0.19956961811725943	0.18813067678611226	0.15878550046313575	0.23875459410344496	
N	R	0.20713122875216974	0.2144182491817773	0.1867043119205896	0.20957184544524848	0.1821743647002149	
N	S	0.18605655326036702	0.205611318252102	0.20490223558460052	0.20046772747383193	0.2029621654290985	
N	T	0.20065201610763714	0.2072631269678739	0.19386704933782348	0.20429515822581173	0.19392264936085374	
N	V	0.19708942863861986	0.19853797233592813	0.194312645652552	0.20869811843813613	0.2013618349347639	
N	W	0.22283830972278448	0.1941177627919372	0.19568374404618888	0.19247737566677617	0.19488280777231326	
N	X	0.2281662145539562	0.2291274631996546	0.20850949436692	0.2004610735029367	0.1337357543765325	
N	Y	0.19628009337027155	0.19401377784568505	0.2013431712487872	0.19808130197497145	0.21028165556028475	
