N2	A	0.18494242510464268	0.19893477587670733	0.2217876156554351	0.1971704484294172	0.19716473493379771	
N2	C	0.19550411655674813	0.19858454946174245	0.19870987414847063	0.18909180312689083	0.21810965670614793	
N2	D	0.21781984444551367	0.21019621816120085	0.22261768993395242	0.17019379940727525	0.17917244805205781	
N2	E	0.21879943322812567	0.22966406021576316	0.22556620960063575	0.18429532113324387	0.14167497582223154	
N2	F	0.19142710912179256	0.17559101425900037	0.20631119531672776	0.20736356987990134	0.21930711142257797	
N2	G	0.22189065375795464	0.19308923047770774	0.20891550326256117	0.1862574151111236	0.1898471973906529	
N2	H	0.2108397628004846	0.17785563986482178	0.19937384428999555	0.17647197602499523	0.23545877701970286	
N2	I	0.1697549802043826	0.20450804939012487	0.18524915483318669	0.2465549497760001	0.19393286579630575	
N2	K	0.2505163788347975	0.2267836141467795	0.17148959141627185	0.17420906635951774	0.17700134924263344	
N2	L	0.2335041540943872	0.19910618325034124	0.19148521616259695	0.1824757245444057	0.19342872194826888	
N2	M	0.21669099959416516	0.24801424119883708	0.1958834210145684	0.14423379831927266	0.19517753987315672	
N2	N	0.2048003060731413	0.21600437436902822	0.21044961127162995	0.1947793962353446	0.17396631205085591	
N2	P	0.207406074979349	0.20444362170245886	0.22108086176013617	0.18832447624419835	0.17874496531385764	
N2	Q	0.23965821271391927	0.21075712778261754	0.2065019447028976	0.13318894619486335	0.20989376860570222	
N2	R	0.19403886769635764	0.22536326271480844	0.1913198698125113	0.18952605958136162	0.19975194019496095	
N2	S	0.17228819574216933	0.2076390491392948	0.21274894638530029	0.19396559085632037	0.21335821787691525	
N2	T	0.17733899796247776	0.19874446555235958	0.19362353073542868	0.23598308866533804	0.1943099170843959	
N2	V	0.1539283033495706	0.16271240784954222	0.19894704571741403	0.27391221553698203	0.2105000275464911	
N2	W	0.2439770627588404	0.18356886481894447	0.18167229478602528	0.17175703514919827	0.2190247424869916	
N2	X	0.19951908978945515	0.22561726584951028	0.22098410650401737	0.2022755263620902	0.15160401149492697	
N2	Y	0.21958613939831753	0.2042081820027897	0.18921538927597698	0.17778129171646287	0.20920899760645292	
