N3	A	0.1851808482100983	0.19825852084499587	0.22222275328039612	0.19762523397261453	0.19671264369189517	
N3	C	0.19459166604840866	0.1984901204449712	0.19996521129772457	0.1900080363149163	0.21694496589397924	
N3	D	0.218204279134786	0.21148654243044412	0.22134142407890814	0.17015354028534	0.17881421407052175	
N3	E	0.21967926292738707	0.22930465223248406	0.22574136213771656	0.18457011705194362	0.1407046056504687	
N3	F	0.190745479170232	0.1765784950747936	0.2051102811958876	0.20695734861407838	0.22060839594500845	
N3	G	0.2216856167251806	0.193492051690526	0.20846667986009138	0.18665871416591132	0.1896969375582907	
N3	H	0.21050656998277217	0.1775075884451541	0.19983972723616522	0.1762495172808455	0.235896597055063	
N3	I	0.1684106110074968	0.20556618156502354	0.1856648506251359	0.2447839893690239	0.19557436743331985	
N3	K	0.25034865777073584	0.22729031020226276	0.17195017288474077	0.1740673920398749	0.17634346710238571	
N3	L	0.23272417514591281	0.1981755333292426	0.1910717358060608	0.18274637338521343	0.19528218233357036	
N3	M	0.21597683598382092	0.2477406002324376	0.19677230714250907	0.14500104109597134	0.1945092155452611	
N3	N	0.20408271131750383	0.2172785881421233	0.21081733508186606	0.19467979885808162	0.17314156660042518	
N3	P	0.20836610932240598	0.20376893385043174	0.22131064320210742	0.18801404946582762	0.17854026415922727	
N3	Q	0.23928885407253153	0.20932072904797455	0.20743045459903345	0.1333506050842796	0.2106093571961809	
N3	R	0.19536584626882253	0.22465839199329407	0.19123746427381158	0.18992920407606775	0.1988090933880041	
N3	S	0.17224271162627328	0.20761168904931657	0.2124024106500061	0.1948486275213177	0.21289456115308636	
N3	T	0.17821437005588167	0.19883722295649633	0.1934690341461378	0.23627624305067188	0.19320312979081233	
N3	V	0.1556092753823904	0.16268000440993152	0.19865947453869812	0.2728870303888276	0.21016421528015236	
N3	W	0.24336770238261113	0.1835648931441045	0.1831873643981767	0.1716574772587034	0.21822256281640426	
N3	X	0.20196706312900276	0.22268984446477585	0.22250686184812443	0.20846294602012808	0.14437328453796888	
N3	Y	0.21843465980870824	0.20482035077492763	0.18907647161813781	0.17894181464011968	0.20872670315810662	
