N	A	0.1850575227477474	0.19845044588651842	0.22199129474889387	0.19721672024247788	0.19728401637436244	
N	C	0.19483519989099407	0.19901084489257992	0.199502706504772	0.1891064046043955	0.21754484410725852	
N	D	0.2172653135272109	0.21084650292639906	0.22228363248322647	0.17060014397016587	0.1790044070929977	
N	E	0.21918027399155884	0.229235496090777	0.22512692001660556	0.18497478897114786	0.14148252092991073	
N	F	0.1915047088849611	0.1762276180458905	0.20558446023231947	0.206417392052641	0.22026582078418794	
N	G	0.22177077030465225	0.19330586027942578	0.20859883888982567	0.18618882452421165	0.19013570600188465	
N	H	0.21048377770544305	0.17744267339305753	0.1993406373346467	0.17661061874642764	0.2361222928204251	
N	I	0.16904425038147144	0.2048122651248244	0.18523925393946872	0.2464614242771598	0.1944428062770756	
N	K	0.25042806117526367	0.22694397966763916	0.1719931131103201	0.17381776355782955	0.17681708248894756	
N	L	0.23358020352646983	0.19900972371704376	0.19140926338966288	0.18224917449243183	0.19375163487439173	
N	M	0.21663975284391804	0.2479980061759189	0.19655804999014884	0.1442280325102888	0.1945761584797254	
N	N	0.2042558651940214	0.21659781353211785	0.2109047257135296	0.19488974016917224	0.17335185539115888	
N	P	0.20732989543480704	0.20335176535852972	0.22198924736628678	0.18840085721241195	0.17892823462796448	
N	Q	0.23917971074875397	0.2103735294867764	0.2071780839108029	0.13312874476858072	0.21013993108508602	
N	R	0.19463778361424436	0.22482844815114758	0.19131345852405007	0.18975148285525514	0.19946882685530284	
N	S	0.17208914721723673	0.20759974182205648	0.2126275352982855	0.19417152910779653	0.21351204655462475	
N	T	0.17726951297525184	0.19876856497645418	0.1935981178755578	0.23604881037711856	0.19431499379561762	
N	V	0.15454890853413675	0.16243939924200854	0.19860112457467516	0.2743936166459608	0.2100169510032188	
N	W	0.24450764017135962	0.18359318790930587	0.18199039951787102	0.17115172919830915	0.2187570432031543	
N	X	0.20048260267962606	0.22427525226958253	0.2213728865039992	0.20493739664540514	0.14893186190138705	
N	Y	0.21948585114134872	0.20486508818376187	0.18904156656172275	0.17796339895303698	0.2086440951601297	
