V1	A	804864	983847	1051182	932106	956878	2
V1	C	484205	474423	516154	503804	512899	1
V1	D	652669	596964	618582	575932	606916	1
V1	E	510613	487828	492145	559045	453564	1
V1	F	1288666	1155012	1314608	1346428	1158969	1
V1	G	1305315	1172045	1232749	1178514	1131633	2
V1	H	562847	522424	598289	584501	657134	1
V1	I	973441	1122590	935565	1014388	976414	1
V1	K	783850	747695	598590	579087	604930	1
V1	L	2204580	1962694	2163387	2203534	2137774	3
V1	M	719761	837810	785639	640167	818757	1
V1	N	757684	821530	813169	774052	740638	1
V1	P	582857	604524	616009	649055	764987	2
V1	Q	484084	446379	440318	387520	541615	1
V1	R	1614241	1780477	1509738	1662622	1487822	3
V1	S	1705701	1891012	1962019	1889610	1875049	3
V1	T	933203	985209	937273	1013225	950317	2
V1	V	1585285	1537768	1583260	1688811	1654058	2
V1	W	824746	666914	645123	648133	742525	1
V1	X	27088	33179	24400	21142	19501	1
V1	Y	1037124	1012500	1004625	991148	1050444	1
