V1	A	0.17020193166369096	0.20805087550384585	0.2222899855504806	0.1971093771311878	0.2023478301507948	
V1	C	0.19434393544412268	0.1904177629004389	0.20716721152244544	0.20221032837845704	0.20586076175453594	
V1	D	0.2139152813298185	0.19565771011611363	0.20274310953264485	0.18876437490802386	0.19891952411339917	
V1	E	0.20398450779903285	0.19488214062428216	0.19660673659063715	0.22333258096153116	0.18119403402451667	
V1	F	0.20573614597035003	0.1843982206634659	0.20987779873279028	0.21495787701899985	0.18502995761439395	
V1	G	0.21682051394492194	0.1946835815619801	0.20476687370105193	0.19575812058490535	0.18797091020714068	
V1	H	0.19241349721984347	0.17859458942053436	0.20452961255574414	0.19981608063735923	0.2246462201665188	
V1	I	0.1938199640888675	0.22351673443641862	0.18627854662254964	0.20197284245493885	0.19441191239722538	
V1	K	0.236516007714794	0.22560673137502443	0.1806163386591804	0.17473157537735143	0.18252934687364972	
V1	L	0.20657668701998666	0.18391114142104423	0.2027167620145823	0.2064786732420231	0.20031673630236368	
V1	M	0.1893044800630383	0.22035257042492454	0.2066310656068408	0.16837044670177326	0.21534143720342314	
V1	N	0.19392624606706863	0.21026737918641397	0.20812741405138835	0.1981155714264873	0.18956338926864177	
V1	P	0.18115596537860007	0.18789021803724212	0.1914598350485729	0.2017307591893162	0.2377632223462687	
V1	Q	0.21047899140664267	0.1940849144055696	0.19144960076802806	0.16849311018315452	0.23549338323660515	
V1	R	0.20040484673925188	0.22104271933853928	0.1874310047300401	0.20641125277781228	0.18471017641435647	
V1	S	0.18294856452979394	0.20282448735658518	0.21044049316391428	0.20267411288446446	0.20111234206524214	
V1	T	0.19364163588890915	0.20443299309204568	0.19448616966994914	0.21024637353666883	0.19719282781242717	
V1	V	0.19694982670288733	0.19104649391702164	0.19669824834374475	0.20981150631206996	0.20549392472427633	
V1	W	0.2338085881521477	0.18906453715313737	0.1828869710365106	0.18374028084381852	0.21049962281438583	
V1	X	0.21616790359907428	0.2647753571143564	0.1947171015880616	0.1687175804006065	0.1556220572979012	
V1	Y	0.2035236185744414	0.19869144268826283	0.19714606480068747	0.194501359049468	0.20613751488714033	
