V2	A	808667	960936	1010643	905617	952474	2
V2	C	482514	469606	508690	503491	518292	1
V2	D	675376	627260	656902	605117	636329	1
V2	E	525899	501215	514800	583660	462437	1
V2	F	1240584	1115230	1267790	1293327	1120281	1
V2	G	1336959	1193264	1255903	1196310	1128577	2
V2	H	568205	523928	605101	593947	678841	1
V2	I	941275	1106537	915380	979071	954726	1
V2	K	769503	712979	566982	572087	575806	1
V2	L	2105263	1891772	2076901	2119318	2052934	3
V2	M	697995	808122	765955	621988	793487	1
V2	N	767009	844442	846750	793927	761427	1
V2	P	594064	609039	640580	668295	782721	2
V2	Q	484244	452590	436952	378047	547120	1
V2	R	1529268	1659147	1415716	1577181	1393132	3
V2	S	1758638	1943272	1994749	1928598	1922636	3
V2	T	939458	991741	942891	1001863	945957	2
V2	V	1575472	1532930	1551848	1665569	1629596	2
V2	W	772328	636833	618476	621718	686113	1
V2	X	20321	23791	18927	16865	14066	1
V2	Y	1007493	995901	988599	974539	1043583	1
