V2	A	0.17434416688567475	0.2071725275675312	0.21788908395401196	0.1952460547821342	0.20534816681064788	
V2	C	0.194358882023755	0.18915947962473106	0.20490269649515647	0.2028085151291412	0.20877042672721627	
V2	D	0.2109901205379346	0.19595849276347524	0.20521877022815485	0.1890409324132829	0.19879168405715242	
V2	E	0.20320585963506338	0.19366803309568623	0.1989172379870101	0.22552454375193923	0.17868432553030106	
V2	F	0.2054895537874105	0.18472599603923134	0.20999593852261605	0.2142258711471454	0.1855626405035967	
V2	G	0.21877862148223215	0.19526451670124087	0.20551469944508383	0.19576296106717495	0.1846792013042682	
V2	H	0.19131339767853572	0.1764054272998651	0.20373620128066391	0.19998067354383234	0.22856430019710292	
V2	I	0.1922150529641786	0.2259627293424592	0.18692710969945	0.19993326511454285	0.19496184287936935	
V2	K	0.2406684646099888	0.22299011339678365	0.1773283371234429	0.1789249683410392	0.18008811652874546	
V2	L	0.2054679262180237	0.18463178696311253	0.20269987238180678	0.20683965587982575	0.20036075855723123	
V2	M	0.189284367087389	0.2191489355932277	0.20771396269661105	0.16867256200395547	0.21518017261881678	
V2	N	0.19110464413718012	0.21039751541962176	0.2109725667145461	0.1978114165621251	0.18971385716652694	
V2	P	0.1803090358178395	0.18485421581759062	0.19442747273726674	0.20283947031276606	0.23756980531453709	
V2	Q	0.21063675507937743	0.19686787855167112	0.19006565162489186	0.16444311823686697	0.23798659650719262	
V2	R	0.20189838356452303	0.2190453847173469	0.1869069201647012	0.2082239963751795	0.1839253151782494	
V2	S	0.1841912137054741	0.2035288832834637	0.20892033457015072	0.20199199970087642	0.2013675687400351	
V2	T	0.19483109390262365	0.2056738927105649	0.1955430524418747	0.20777306088251335	0.1961789000624234	
V2	V	0.19803768879436207	0.19269013621539544	0.19506813912284904	0.20936293078362347	0.20484110508377	
V2	W	0.23155011530615793	0.19092762994578272	0.18542405443553947	0.1863960319811193	0.20570216833140056	
V2	X	0.21624986697882304	0.2531765457060764	0.20141534532297542	0.17947217196977758	0.14968607002234754	
V2	Y	0.2010917913061876	0.19877807196042407	0.19732062038496123	0.19451429757600375	0.20829521877242338	
