V3	A	677103	856709	931563	805731	820023	2
V3	C	402555	397131	428119	420174	431230	1
V3	D	547819	498570	516330	481044	505814	1
V3	E	424641	398736	406788	464136	368307	1
V3	F	1097611	1007635	1162239	1174357	1011869	1
V3	G	1096880	963792	1026270	969695	920906	2
V3	H	476928	446574	512609	503250	565681	1
V3	I	826533	942019	792034	885853	868292	1
V3	K	669431	654917	495676	491740	517197	1
V3	L	1970076	1695665	1852881	1892788	1865040	3
V3	M	623570	742882	732083	566017	706907	1
V3	N	630703	683598	685361	654675	617539	1
V3	P	494181	496930	509933	549907	644265	2
V3	Q	410230	377234	372541	333340	459873	1
V3	R	1403836	1600552	1275073	1437469	1273584	3
V3	S	1441023	1611219	1698855	1615206	1577136	3
V3	T	765373	808166	785265	850735	801977	2
V3	V	1374175	1289887	1327612	1445123	1425379	2
V3	W	703332	557500	534828	543768	631242	1
V3	X	20040	24596	18363	16260	13944	1
V3	Y	887660	889388	879277	842432	917495	1
