V3	A	0.16550516984431438	0.209406498792876	0.2277031596901491	0.19694587973148733	0.20043929194117321	
V3	C	0.19360968522163957	0.19100100086138527	0.20590474550658447	0.20208358082328423	0.20740098758710646	
V3	D	0.21486662297314418	0.19555008536710208	0.2025159467629336	0.1886760039018237	0.19839134099499642	
V3	E	0.20587576505084826	0.19331642270368388	0.19722021828675154	0.2250238532964092	0.17856374066230712	
V3	F	0.20125947267832858	0.18476134874033479	0.21310975224026354	0.21533172549847251	0.18553770084260057	
V3	G	0.22036575073284148	0.19362806107350555	0.20618003701826382	0.19481398754365356	0.1850121636317356	
V3	H	0.1903872270405047	0.17827006493304304	0.20463090040007315	0.20089483529617466	0.22581697233020445	
V3	I	0.19156072533838148	0.21832624096380515	0.18356509362924364	0.2053089752292785	0.20123896483929127	
V3	K	0.23663493416841025	0.23150442865772983	0.17521485803445153	0.17382353450613142	0.182822244633277	
V3	L	0.21237391459017188	0.18279244754189372	0.19974031014019372	0.20404227910461437	0.2010510486231263	
V3	M	0.18495553408776438	0.22034436723092288	0.21714130291959652	0.16788488307287736	0.20967391268883886	
V3	N	0.1927649458598064	0.20893151207441846	0.20947034667572975	0.20009162938937783	0.1887415660006675	
V3	P	0.1833548776795626	0.18437483303750052	0.18919930721693548	0.20403077155968205	0.23904021050631935	
V3	Q	0.2100277593182123	0.19313461170232918	0.19073191010936824	0.17066195376040974	0.23544376510968054	
V3	R	0.20082013997826198	0.22896055998171236	0.18240046440075794	0.20563137417363014	0.18218746146563758	
V3	S	0.18141046969706698	0.20283645408493728	0.21386895524721722	0.20333837774797542	0.19854574322280313	
V3	T	0.1907939542058414	0.2014614923634855	0.19575267803992305	0.21207319128229826	0.19991868410845176	
V3	V	0.20025353473883503	0.18797055044930355	0.19346807776425437	0.21059252925019703	0.20771530779741004	
V3	W	0.2367587109978557	0.1876681018086829	0.1800361534603305	0.1830455755772267	0.21249145815590423	
V3	X	0.21501453815864296	0.26389708485778357	0.19702155510015773	0.17445790371554565	0.14960891816787014	
V3	Y	0.20099849374537504	0.20138977576460765	0.19910027779211875	0.19075723033921071	0.20775422235868787	
