V	A	0.1702017848705446	0.20816024677034906	0.2224187628447276	0.1964174935948653	0.20280171191951343	
V	C	0.19413274973781727	0.1901468067299686	0.2059979978129346	0.20238351282175246	0.20733893289752706	
V	D	0.21312703201136518	0.19573592327961295	0.2035776579413072	0.18883935510083139	0.1987200316668833	
V	E	0.20424811156678102	0.19399148482194253	0.19761947962303744	0.22461319234746668	0.17952773164077232	
V	F	0.20427718869120498	0.1846212188544201	0.21091073493830276	0.21482380403147217	0.1853670534846	
V	G	0.2185513523674233	0.19458399566258605	0.20544512383443106	0.19548516869552368	0.18593435944003592	
V	H	0.191420288350633	0.17772380589693723	0.20427929662644925	0.20019597014806328	0.22638063897791724	
V	I	0.19258298968717275	0.22278486099384592	0.18567915483066813	0.20228243154932396	0.19667056293898927	
V	K	0.23797346386209686	0.2264972747624049	0.17785486169325526	0.17589200543441605	0.18178239424782694	
V	L	0.2079814782818667	0.18381199662575506	0.20179659897543956	0.2058526544160684	0.2005572717008703	
V	M	0.1879476740010717	0.21994136895390354	0.21026126170917603	0.16832229397650708	0.21352740135934165	
V	N	0.19257495909762462	0.2099235345370437	0.20954024229073315	0.19858415954106426	0.18937710453353424	
V	P	0.1814965809369409	0.1857747948458986	0.19186004394099626	0.20280076334692285	0.2380678169292414	
V	Q	0.21039983138197035	0.19477809131655302	0.19075006177421025	0.16771862156286996	0.2363533939643964	
V	R	0.20103331329489335	0.2228208505995042	0.18570085630068942	0.2067772485574401	0.1836677312474729	
V	S	0.18293539709509585	0.20307884590118644	0.2109148395827173	0.20262801148458628	0.20044290593641412	
V	T	0.19322500908797727	0.20399815332595064	0.19523157880010575	0.20990960511484472	0.19763565367112165	
V	V	0.19831971918381314	0.1906952502655272	0.19516177468504192	0.2098898257309853	0.20593343013463247	
V	W	0.23393374884159673	0.18927462727456607	0.18288631229789276	0.18443122285385616	0.20947408873208828	
V	X	0.21584854216069355	0.2610253997817481	0.19741873957943312	0.17366384731329385	0.15204347116483136	
V	Y	0.20191674709520757	0.19954190161716456	0.19780056861876652	0.19336722074219018	0.2073735619266712	
