V	A	2290634	2801492	2993388	2643454	2729375	2	
V	C	1369274	1341160	1452963	1427469	1462421	1	
V	D	1875864	1722794	1791814	1662093	1749059	1	
V	E	1461153	1387779	1413733	1606841	1284308	1	
V	F	3626861	3277877	3744637	3814112	3291119	1	
V	G	3739154	3329101	3514922	3344519	3181116	2	
V	H	1607980	1492926	1715999	1681698	1901656	1	
V	I	2741249	3171146	2642979	2879312	2799432	1	
V	K	2222784	2115591	1661248	1642914	1697933	1	
V	L	6279919	5550131	6093169	6215640	6055748	3	
V	M	2041326	2388814	2283677	1828172	2319151	1	
V	N	2155396	2349570	2345280	2222654	2119604	1	
V	P	1671102	1710493	1766522	1867257	2191973	2	
V	Q	1378558	1276203	1249811	1098907	1548608	1	
V	R	4547345	5040176	4200527	4677272	4154538	3	
V	S	4905362	5445503	5655623	5433414	5374821	3	
V	T	2638034	2785116	2665429	2865823	2698251	2	
V	V	4534932	4360585	4462720	4799503	4709033	2	
V	W	2300406	1861247	1798427	1813619	2059880	1	
V	X	67449	81566	61690	54267	47511	1	
V	Y	2932277	2897789	2872501	2808119	3011522	1	
